ID,IP,IP归属地详细信息,登录时间,登录网址,用户UID,会话ID,浏览器,登录操作系统,网页停留时间
22001,148.221.30.162,江西省,2025-02-17 21:43:31,jd.com,817866,ff8cce29-92f3-4b65-897a-a9aeb9fcdd1a,Safari,linux,585
22002,151.1.52.8,陕西省,2025-10-16 20:54:26,github.com,672734,42905108-45b6-43e9-9035-607961cdb0f9,Firefox,linux,201
22003,51.192.102.25,宁夏回族自治区,2025-04-01 08:32:32,douyin.com,210840,38f3a4c0-cef3-44f9-a24e-0b3ded271095,Firefox,win,300
22004,166.183.45.12,甘肃省,2025-07-27 08:50:52,github.com,740980,d6ecca04-1454-46e5-ae41-386ae7c42e7f,Edge,ios,53
22005,41.190.119.165,安徽省,2025-09-26 01:00:52,xiaohongshu.com,328524,3b247aad-d039-4135-9ea7-76b01856ed78,Chrome,ios,119
22006,126.252.233.77,北京市,2025-04-27 04:57:25,github.com,559409,39c7227c-e31e-4509-b58b-4e9047d0d591,Firefox,ios,468
22007,179.203.31.149,海南省,2025-07-27 16:24:01,bilibili.com,251989,35a84f06-90fe-414b-8016-949d88ff3186,Edge,linux,30
22008,160.114.39.231,天津市,2025-04-28 20:39:49,xiaohongshu.com,621262,650a6809-27dc-495c-9e8b-f9f7985b50b8,Edge,ios,415
22009,71.143.203.52,台湾省,2025-06-25 17:53:08,baidu.com,444998,89ba439e-3fb4-43f4-8d98-75ac8010c625,Edge,macOS,241
22010,107.216.21.129,福建省,2025-05-31 20:55:20,xiaohongshu.com,956633,f5ed65fb-8504-49f4-b196-3f901a653965,Firefox,macOS,192
22011,42.2.182.236,四川省,2025-10-03 03:23:00,taobao.com,537307,d8396cd2-24d2-4f81-a325-a6e2d7ca1276,Safari,ios,57
22012,112.39.210.242,台湾省,2025-01-20 13:19:31,douyin.com,513576,b6e7df5b-d9af-419e-a618-5d073ce88bca,Firefox,win,76
22013,191.20.31.42,台湾省,2025-03-07 04:32:09,douyin.com,978890,0cbb9117-6d53-421d-b9f9-658d76f55f62,Chrome,macOS,444
22014,55.127.36.140,江西省,2025-04-14 14:14:34,xiaohongshu.com,401887,d03022cf-5b4e-48e9-bd61-3f9dc768331d,Chrome,linux,111
22015,63.119.247.141,江苏省,2025-10-14 09:02:43,github.com,128116,7804b361-dcba-4cbd-905c-43250c4f1ce9,Chrome,ios,329
22016,1.63.253.3,北京市,2025-08-05 21:25:39,aliyun.com,793858,54e0d480-22e5-41ee-a07e-58e2168b7811,Edge,win,83
22017,61.146.214.235,河北省,2025-04-04 02:51:44,taobao.com,370158,c484fd10-a705-40a9-b5e2-7a2410e38868,Edge,macOS,325
22018,166.211.43.11,宁夏回族自治区,2025-12-04 21:45:30,douyin.com,354477,2558c401-ed9d-40cb-a3fe-d794e817ce0a,Firefox,安卓,386
22019,186.108.9.249,黑龙江省,2025-03-31 10:27:42,xiaohongshu.com,240422,88250beb-12e8-4fc0-ad64-6b7a9ed77077,Chrome,linux,324
22020,38.190.199.47,福建省,2025-10-25 10:49:03,douyin.com,442987,5ce23a96-89ed-48cb-9c65-55b05e877d2a,Firefox,macOS,97
22021,8.85.22.142,河北省,2025-03-19 23:18:10,aliyun.com,664451,31a1c8d6-8ff1-4990-aa86-bb91934bfbbf,Safari,ios,373
22022,56.103.40.191,吉林省,2025-01-15 07:06:51,qq.com,970821,9169b6f9-9f14-4813-a3c6-357087d769ea,Safari,安卓,8
22023,69.68.222.25,甘肃省,2025-04-23 15:17:29,douyin.com,882942,e67bfcc5-d037-4783-bc65-e461f2dfe013,Chrome,win,578
22024,207.43.168.143,浙江省,2025-09-26 06:47:25,bilibili.com,836412,fc8933ff-aaff-4cb5-8bbf-4cd6713fcd8c,Safari,安卓,555
22025,179.199.14.96,黑龙江省,2025-11-10 18:48:00,weibo.com,607185,397a293d-bf63-48a9-97a2-3525341cfe20,Chrome,macOS,500
22026,34.175.177.245,重庆市,2025-09-19 05:56:56,baidu.com,850296,e017c827-ee46-46ac-9ce8-4c5b1189f9d7,Chrome,ios,517
22027,117.59.158.93,重庆市,2025-03-04 04:27:58,qq.com,352291,e63c7b5c-94af-4829-814a-e5b317d8d32a,Firefox,安卓,359
22028,125.31.69.87,云南省,2025-01-29 10:00:10,jd.com,869427,3bd83e60-fa4d-4cd6-9566-a4141586b569,Safari,ios,370
22029,214.254.105.0,宁夏回族自治区,2025-01-27 00:28:44,aliyun.com,610425,08014cc8-89cc-43ee-8823-b12accd8b377,Edge,linux,475
22030,20.4.88.50,海南省,2025-10-31 11:40:44,github.com,653157,8c496397-161a-4ef7-9c46-8b0e446ad977,Safari,ios,213
22031,39.230.236.123,湖北省,2025-11-07 08:52:36,baidu.com,278066,2031c980-5432-48c2-8dcd-2ee7bc347052,Chrome,linux,590
22032,158.13.108.215,辽宁省,2025-07-19 20:19:03,baidu.com,909025,5e7604b1-c282-4578-bbd6-892c9ff5ec39,Edge,macOS,177
22033,8.211.195.16,安徽省,2025-01-06 18:22:57,github.com,462619,cd7d12df-5bbc-4210-b9b3-f49b4461e44e,Firefox,linux,267
22034,15.46.177.42,山西省,2025-05-17 00:59:42,xiaohongshu.com,981772,52ff0cfd-1e9c-4ded-a29b-d04dd249a893,Firefox,linux,142
22035,26.195.214.230,北京市,2025-08-16 11:41:27,douyin.com,436624,48b749cf-16e0-499a-b32b-1e859331f1dc,Safari,ios,510
22036,91.77.28.143,宁夏回族自治区,2025-10-08 13:58:37,taobao.com,276789,1d4fc37c-7bf3-4f45-b628-fabcea77f210,Edge,linux,63
22037,168.22.127.244,江苏省,2025-11-24 03:44:29,qq.com,582967,1e936da3-68fe-464b-885d-c5d152fbef2f,Chrome,ios,318
22038,70.241.153.104,吉林省,2025-08-05 18:38:32,bilibili.com,489641,d9567fa6-bfb1-41c0-909b-f59feb2d164a,Safari,win,25
22039,24.150.244.65,河南省,2025-01-13 05:59:42,weibo.com,389522,9fb751fe-99a9-41e0-8b8d-b46a41d48bbe,Chrome,win,233
22040,36.23.157.144,新疆维吾尔自治区,2025-05-28 02:58:26,jd.com,811829,e6dd416e-cc39-4530-a18f-c5545e289d59,Chrome,linux,138
22041,86.42.253.116,宁夏回族自治区,2025-09-07 03:41:52,bilibili.com,751028,f0b8b41e-08a3-4bd1-aae9-11aee4e9da6d,Chrome,win,472
22042,139.92.64.198,福建省,2025-12-08 10:28:54,jd.com,532711,3318c323-1a82-4435-af90-e31021031d3d,Edge,macOS,36
22043,84.142.185.160,台湾省,2025-03-13 06:18:50,weibo.com,443456,e50b546a-9cfa-4d0b-912a-771f43ef227c,Safari,ios,313
22044,24.229.204.171,贵州省,2025-10-20 04:11:58,douyin.com,621298,032a8a1c-759b-414a-ab31-d9fad42eee4a,Chrome,macOS,94
22045,112.169.225.53,云南省,2025-09-27 21:29:38,taobao.com,302076,6ab013be-0575-485d-b9a4-19466700340b,Chrome,安卓,538
22046,164.125.33.174,新疆维吾尔自治区,2025-04-22 09:39:31,baidu.com,483233,57fd369b-bb22-47d6-8069-d7234d1f6ad8,Safari,ios,245
22047,68.216.81.204,新疆维吾尔自治区,2025-02-02 00:11:02,aliyun.com,223716,ad374516-7a2c-4d43-8e6f-50f5c74fb9ec,Firefox,安卓,72
22048,146.19.67.93,山西省,2025-03-06 11:22:25,github.com,435557,46973cb1-488d-4670-9b78-05e08f81fddb,Edge,安卓,150
22049,34.211.248.197,辽宁省,2025-08-19 05:54:05,xiaohongshu.com,594918,8ff69c55-6afc-489f-9ef0-39275755e619,Edge,macOS,67
22050,36.95.251.225,河南省,2025-06-02 05:12:38,douyin.com,157162,30c2a228-3985-4138-abd4-20ca6ae8e6bc,Chrome,ios,119
22051,139.74.98.122,浙江省,2025-06-15 01:16:40,xiaohongshu.com,665230,f6450461-047b-4f80-a153-6160d539b3f8,Firefox,ios,144
22052,184.250.86.230,澳门特别行政区,2025-03-23 17:27:31,aliyun.com,169070,9ac2f66c-f32b-486c-9df5-155aeb076d18,Edge,ios,45
22053,155.232.10.65,湖南省,2025-08-22 19:56:46,baidu.com,611232,c1c887b6-275a-48c1-b8e1-f4855501faed,Edge,macOS,119
22054,146.214.194.172,吉林省,2025-06-15 19:23:53,baidu.com,512965,a0db3615-5910-4eb6-aebc-6f8d7bc2ec4a,Chrome,安卓,429
22055,14.4.90.20,广东省,2025-11-21 03:55:03,github.com,697190,41021605-1e72-480c-8f35-2996fc017bbc,Chrome,linux,394
22056,57.71.36.150,河北省,2025-07-15 05:39:44,weibo.com,917658,a43d3fab-bd93-4c56-82e6-af0363efa592,Edge,macOS,189
22057,129.217.148.17,湖北省,2025-03-10 01:58:09,qq.com,372254,c5ebaf47-a4c2-4bdb-87a5-b09503595a83,Edge,ios,214
22058,134.149.8.156,广西壮族自治区,2025-11-01 18:07:31,github.com,919654,9ddba5f5-0cde-4613-a538-18e60a1edc69,Firefox,linux,538
22059,46.108.142.86,重庆市,2025-03-30 21:29:34,aliyun.com,716897,21d2955a-58d7-4334-8d29-7c7fb9abbb6d,Chrome,win,346
22060,220.168.14.150,贵州省,2025-08-12 12:28:09,taobao.com,763767,f3aa2f30-4858-4e4f-8c9e-04bc73d2f4fc,Edge,ios,489
22061,4.156.144.158,海南省,2025-07-05 15:19:51,weibo.com,936815,7559877d-0c13-4b05-b1e2-e4524e3acbc6,Edge,ios,16
22062,220.30.117.142,河北省,2025-09-27 17:24:01,baidu.com,926779,348c6ec4-f81b-48bc-be35-d510d4a0c793,Edge,macOS,521
22063,184.10.214.232,河南省,2025-10-30 18:26:58,baidu.com,707222,f4e1611e-93aa-4128-9baa-79bc3500e4c3,Firefox,macOS,393
22064,16.249.142.228,台湾省,2025-03-10 19:00:58,bilibili.com,677170,670a4638-e2db-40cb-870b-e77ba34c4031,Edge,linux,16
22065,58.54.88.166,山东省,2025-12-07 04:07:25,aliyun.com,181991,80bf79de-c350-45ac-acab-b6e03f53f66f,Safari,安卓,246
22066,55.167.49.68,宁夏回族自治区,2025-01-02 18:55:30,weibo.com,812605,5846a35c-226f-418f-8f65-edd057be14d3,Edge,win,225
22067,205.167.90.161,安徽省,2025-11-22 08:10:19,baidu.com,892573,ff26e3f2-cb29-40f8-81b1-82a92e660366,Chrome,linux,585
22068,63.155.176.210,青海省,2025-06-19 01:14:59,weibo.com,478255,6f03a114-3fee-4a4a-8320-7ea6748911d9,Firefox,macOS,548
22069,219.218.185.109,重庆市,2025-08-08 19:49:11,aliyun.com,226045,54b35796-18ef-4d54-a5c5-a038fb55f07e,Chrome,macOS,171
22070,24.112.81.137,青海省,2025-11-24 08:16:54,douyin.com,394646,aa14cfd3-90e3-4b06-a483-a7b303b6aa81,Safari,ios,538
22071,81.160.229.158,浙江省,2025-10-24 18:48:08,qq.com,713247,5044f71d-4c4f-47a9-86c3-4bffebeeecc4,Edge,安卓,48
22072,40.78.117.217,海南省,2025-04-18 13:39:05,xiaohongshu.com,359333,f0fddcf0-b543-40ad-b4f8-1509eaf0efef,Firefox,macOS,577
22073,194.106.153.163,浙江省,2025-08-18 22:20:45,github.com,962769,1499a0f0-6a6f-4928-80f1-130d41201a29,Edge,linux,385
22074,163.144.157.68,青海省,2025-04-25 16:32:28,github.com,506117,b6656943-fbd1-42d7-85e4-9ad2b7f54068,Edge,ios,93
22075,201.48.76.162,甘肃省,2025-12-29 20:11:50,weibo.com,345196,898810d7-1d79-4edd-958b-7d43d241cbe8,Safari,ios,312
22076,84.9.69.200,辽宁省,2025-10-03 13:02:15,taobao.com,199297,fdb4afff-2fb0-41c9-a436-72497c312f6d,Firefox,win,44
22077,154.219.162.237,台湾省,2025-07-20 12:41:20,xiaohongshu.com,177768,1cf2c892-9c6e-48a3-a37b-cccfca50a72a,Firefox,ios,286
22078,140.241.107.214,河北省,2025-04-08 21:27:22,douyin.com,349475,ac691f07-084a-485c-a85b-39a66945019e,Edge,安卓,487
22079,91.214.83.118,北京市,2025-03-14 11:41:39,aliyun.com,194742,5f8487b8-1e89-4b0e-b3fb-eab4b133b0e1,Firefox,win,543
22080,7.89.75.170,云南省,2025-03-14 20:39:21,taobao.com,786189,2bb76452-6456-4d7e-bf4d-d57f4eb79b2c,Edge,安卓,282
22081,117.223.211.210,山东省,2025-09-29 00:09:35,jd.com,463803,666d86b3-a1e6-467a-9764-06f98d4580ea,Firefox,macOS,386
22082,152.87.250.44,新疆维吾尔自治区,2025-08-16 07:52:45,taobao.com,229988,0bce357e-0638-456b-b1bc-162165923606,Chrome,win,195
22083,122.66.37.137,江西省,2025-09-28 14:52:59,xiaohongshu.com,417962,fef9a872-084c-4f98-90f9-a24f2470d9f2,Firefox,ios,203
22084,161.52.10.154,陕西省,2025-10-14 05:56:35,taobao.com,396159,7190dd15-d9f7-406d-a536-a01262119a5d,Edge,win,347
22085,44.153.253.250,青海省,2025-11-13 02:22:18,taobao.com,562768,ab6ea818-4e66-401b-a0a8-558282ac1c18,Safari,win,469
22086,105.228.132.34,广东省,2025-06-04 16:41:45,taobao.com,329747,87710714-2833-43e5-ad9a-0456597498ac,Safari,win,596
22087,150.217.235.55,山东省,2025-01-27 15:37:45,taobao.com,149700,3560fe02-6e12-4785-8fb2-0ee39bfacfe6,Chrome,macOS,572
22088,102.36.211.12,内蒙古自治区,2025-08-01 21:31:47,jd.com,470917,4c1a1b94-474a-4bec-95d8-17b53ef77f00,Edge,ios,540
22089,204.35.194.127,天津市,2025-07-12 14:58:40,github.com,539113,eae47d7b-4f81-4536-baed-6fe484362efb,Safari,win,331
22090,205.135.92.132,广东省,2025-01-05 01:02:27,jd.com,374789,d34edad8-5fe9-4125-aa64-84a676bcbed5,Chrome,安卓,401
22091,170.70.189.42,北京市,2025-12-22 10:00:08,jd.com,941307,5e7b602e-923b-4887-b5ca-897b402c38f4,Firefox,安卓,184
22092,218.57.226.154,河南省,2025-12-09 19:39:22,qq.com,563071,6cbeb239-ee3f-4b52-a9b3-51373b832a43,Safari,安卓,388
22093,203.120.125.29,内蒙古自治区,2025-04-06 08:42:42,douyin.com,940563,95b776e2-d661-4509-ac51-521022cbfdab,Safari,win,588
22094,128.211.154.128,广西壮族自治区,2025-05-13 14:25:27,xiaohongshu.com,570149,acdef580-101f-4f8c-9f28-4fbe0a9e1eed,Firefox,ios,83
22095,44.102.255.69,上海市,2025-10-19 08:07:44,jd.com,531610,551ad574-6e08-4e85-a1c2-5c9ecbb1c575,Chrome,ios,576
22096,64.92.125.163,北京市,2025-06-04 06:03:22,jd.com,203767,f9c58b48-d4ee-401e-98f0-4a6809de4f94,Safari,win,535
22097,194.81.229.21,甘肃省,2025-09-23 06:41:38,taobao.com,468127,4420c7d9-3947-4aa1-a781-4dd044db2388,Firefox,macOS,244
22098,108.173.4.235,安徽省,2025-04-18 05:07:07,github.com,623357,0b511d8f-953c-497e-bcec-37f0b15ecc09,Edge,linux,150
22099,3.74.150.42,湖南省,2025-12-25 02:49:56,taobao.com,136237,250f6a5f-eeb7-435b-b401-3bc89197c512,Firefox,win,288
22100,1.187.186.57,宁夏回族自治区,2025-12-17 18:29:36,github.com,747305,5ceeffd5-ef91-4d6a-8f3c-b616b785dca4,Chrome,安卓,345
22101,160.230.247.124,西藏自治区,2025-01-29 07:57:55,xiaohongshu.com,197784,606fac3c-7dba-44bc-8ee4-f0ba707ce9dc,Edge,win,99
22102,123.190.10.97,台湾省,2025-11-07 07:51:49,xiaohongshu.com,277150,5a6e9c0b-7d04-41b3-97ee-6b13f77b4fc5,Safari,ios,268
22103,22.180.188.189,浙江省,2025-06-10 17:02:10,baidu.com,640134,7690a2dd-a748-4318-a033-1166955dca84,Safari,安卓,278
22104,202.65.219.83,天津市,2025-01-23 20:52:19,xiaohongshu.com,562199,992d8476-da0d-4659-98bf-e67e936bd4ed,Chrome,安卓,168
22105,83.251.174.167,澳门特别行政区,2025-07-13 08:56:42,taobao.com,606903,80b52988-1d07-4b17-ae10-d3ab050a8fef,Safari,安卓,380
22106,112.108.116.56,江西省,2025-03-30 22:16:53,github.com,670590,1eb835dc-ea89-45e6-90be-60cdb14b69e2,Edge,ios,502
22107,56.173.243.242,台湾省,2025-02-07 14:27:53,github.com,326356,2578eac7-cd6f-456a-bd7a-7ed8b529b5c7,Chrome,ios,535
22108,184.44.60.64,江苏省,2025-05-23 11:51:15,baidu.com,271432,fd55125c-6b99-4c68-b761-63316a81276d,Firefox,安卓,397
22109,174.230.47.88,台湾省,2025-02-22 23:43:29,bilibili.com,439960,14b34607-a4f6-4ce3-b929-b6be1446b201,Edge,win,147
22110,118.121.151.24,台湾省,2025-05-09 00:07:25,weibo.com,333999,a6b03314-58b3-4d32-b68a-fc0924047625,Chrome,ios,8
22111,208.132.228.22,浙江省,2025-09-12 05:23:06,aliyun.com,284194,56fbde16-5139-490f-9a77-7a0ab1e7237f,Firefox,ios,477
22112,34.56.192.52,澳门特别行政区,2025-12-09 15:09:24,xiaohongshu.com,858316,ec44646d-4575-4520-9292-2d4fde674af1,Edge,linux,29
22113,22.112.137.234,宁夏回族自治区,2025-10-06 11:21:30,douyin.com,372768,7b5f4ad4-952f-45d2-97bf-7aea3f378573,Safari,ios,44
22114,72.131.10.153,山西省,2025-01-02 03:28:31,bilibili.com,791283,752c059c-d079-4849-aec6-d16d73afdda6,Safari,win,356
22115,211.255.116.93,台湾省,2025-02-19 13:13:46,qq.com,540230,35a23f75-a871-46bb-8b37-a039094a8b9a,Edge,macOS,172
22116,189.213.82.19,黑龙江省,2025-04-14 23:58:17,taobao.com,322809,05654191-6a44-4fd7-98da-8ac08ce77557,Edge,安卓,334
22117,74.64.201.193,河北省,2025-10-05 00:48:11,xiaohongshu.com,851400,781273ea-f9a4-4de9-8292-9b5babf5b6c8,Firefox,win,409
22118,78.32.215.149,青海省,2025-04-18 12:59:39,taobao.com,160347,7a5b8e7c-a5cd-4ecd-b635-56a04c3efe5c,Chrome,macOS,104
22119,111.152.67.44,宁夏回族自治区,2025-10-15 10:10:51,jd.com,361182,8d01da38-cf5f-4b65-ac40-c7983ec38317,Firefox,安卓,98
22120,34.241.248.16,河北省,2025-07-04 10:00:00,weibo.com,719109,8d214ba5-516c-4c8b-9c85-c543f06fd9a1,Safari,安卓,465
22121,3.210.29.147,四川省,2025-07-03 21:46:10,douyin.com,551448,e4ba1e36-25bf-4d26-a1db-fe84689a1af7,Firefox,安卓,344
22122,196.43.7.220,福建省,2025-06-16 17:25:26,bilibili.com,671936,c73830f0-fa34-4532-89b8-fe8e20a47d74,Firefox,macOS,127
22123,48.151.138.140,广东省,2025-03-10 20:45:46,taobao.com,442780,a8816080-396a-4865-b48f-43c0083c497a,Firefox,ios,435
22124,4.58.55.218,新疆维吾尔自治区,2025-03-17 13:02:17,bilibili.com,124837,7f349261-f7c8-4da9-a753-2e905d53ad25,Chrome,macOS,369
22125,32.182.52.86,浙江省,2025-11-25 20:22:50,jd.com,825209,a2aa2af3-645d-45ac-af5b-171728e8ae5a,Firefox,安卓,408
22126,94.117.33.165,香港特别行政区,2025-02-25 06:07:52,baidu.com,380173,fb0965f2-00f7-4769-868a-375636525138,Firefox,ios,14
22127,201.230.239.253,台湾省,2025-10-10 15:56:22,bilibili.com,698531,b404ee5e-802d-4ade-a3c3-668b2aade081,Firefox,macOS,123
22128,33.214.202.166,河北省,2025-01-18 05:03:29,douyin.com,805449,f7292fda-c30f-4f72-bab7-6ff14c9a7d15,Chrome,macOS,560
22129,33.82.217.164,台湾省,2025-08-24 00:25:48,bilibili.com,621494,c8c32624-6ba6-46a8-885e-8188c8b09171,Edge,macOS,287
22130,104.228.70.243,青海省,2025-04-24 19:27:43,baidu.com,569703,cd5c5c8b-303f-4776-8ea4-2a5967cadb51,Edge,安卓,434
22131,125.96.91.55,陕西省,2025-12-30 00:05:10,github.com,734626,f032d79f-a5ac-4066-b0cb-d95f3214b71b,Safari,安卓,449
22132,144.55.198.79,福建省,2025-02-10 18:08:24,xiaohongshu.com,342491,a4ad871b-22b3-4b2c-9a55-c8a276e3e939,Firefox,ios,214
22133,99.250.29.23,北京市,2025-03-02 00:21:57,github.com,986821,8d0c4a1e-51e2-4b4f-9996-00d34ca9851d,Chrome,win,112
22134,211.27.151.178,湖北省,2025-07-10 15:18:27,qq.com,532904,c4da2bae-cc32-4560-9d53-a75863321d72,Firefox,linux,461
22135,208.25.157.174,江苏省,2025-09-30 10:19:51,xiaohongshu.com,751457,49455852-a68f-4ea1-886a-951f6cf7bde6,Edge,ios,265
22136,180.66.151.55,青海省,2025-01-28 11:49:17,weibo.com,889789,3f98712f-30f9-4cee-aa87-d9f257df4de3,Safari,linux,236
22137,101.0.145.177,北京市,2025-07-25 09:05:57,taobao.com,721472,68773919-a9a1-4dd4-8161-421677ae3e7b,Edge,ios,424
22138,195.239.188.45,新疆维吾尔自治区,2025-02-11 02:44:33,xiaohongshu.com,911829,216cf0cc-198d-4b51-8f1d-e4f5341fb314,Safari,macOS,153
22139,157.59.237.135,浙江省,2025-07-17 01:07:06,xiaohongshu.com,243070,1c357de1-4318-4aee-a922-6e4db38b5384,Chrome,ios,568
22140,222.160.94.195,湖南省,2025-03-08 22:26:45,weibo.com,847828,99917b1b-75ac-4db9-bada-62ad31abf474,Safari,win,345
22141,53.52.207.39,江西省,2025-12-29 14:51:42,aliyun.com,661030,89d8e917-2336-4bbf-aa6e-3aebb9e51ba2,Safari,安卓,296
22142,175.65.180.183,甘肃省,2025-01-03 13:50:34,bilibili.com,770833,776e4754-9da7-4a6a-b27f-9801afc5cc8a,Firefox,安卓,530
22143,178.170.168.122,安徽省,2025-03-02 08:24:12,github.com,952036,08e58e15-8f8f-41f5-a85c-cbcf86e9713c,Firefox,win,210
22144,153.255.72.119,辽宁省,2025-09-17 19:27:31,jd.com,173668,e9bc6f28-39ea-4034-9499-9d9508cb92ea,Firefox,安卓,108
22145,187.107.64.176,吉林省,2025-09-08 09:53:00,aliyun.com,545985,6799c707-89c9-4a95-8560-a494e0c6917e,Chrome,macOS,482
22146,142.19.78.180,湖北省,2025-08-29 16:40:18,qq.com,820373,fc50d7e3-c68b-43e3-85b3-eb2523af189e,Firefox,macOS,444
22147,118.48.89.46,吉林省,2025-07-29 21:30:33,weibo.com,405913,aca0f457-ce7d-4bf7-9568-1de99c36794f,Chrome,macOS,142
22148,60.32.166.238,福建省,2025-03-13 20:36:04,aliyun.com,279843,c3f8f669-58d4-46a6-ad08-a03784ee451d,Firefox,macOS,130
22149,4.47.114.150,台湾省,2025-06-26 00:48:10,jd.com,559901,11aeda08-ce7f-4586-9253-eb8d30f89eff,Safari,ios,528
22150,149.123.163.35,福建省,2025-10-14 21:10:03,bilibili.com,524493,0d2f439d-589c-47b4-8fef-35d75f15b78d,Firefox,ios,14
22151,103.138.180.189,山西省,2025-10-02 15:54:21,qq.com,947028,339b6f08-05f9-45a2-98b9-471cc9cac94f,Safari,ios,402
22152,108.88.185.140,云南省,2025-06-08 04:29:24,weibo.com,689082,91dfe7d1-afe0-4864-8813-1b04b183a80d,Firefox,linux,467
22153,24.88.214.175,辽宁省,2025-03-23 02:23:52,bilibili.com,467693,81bc3bdf-4b37-4c4e-8f36-fce327f7a86d,Edge,安卓,449
22154,151.211.72.51,新疆维吾尔自治区,2025-02-23 11:18:56,github.com,561237,75dabf03-9f9f-4a04-a326-97c5cd926a94,Safari,macOS,554
22155,171.186.29.116,山东省,2025-03-12 03:03:50,bilibili.com,529927,b6ce8878-1d13-4e6d-a21f-d7f09b81d759,Chrome,安卓,475
22156,200.8.249.148,江苏省,2025-09-25 22:00:43,weibo.com,946447,548e4f32-5301-4932-b8ae-1fa5949fcc1a,Edge,macOS,28
22157,130.178.31.204,海南省,2025-10-17 06:30:22,douyin.com,623773,273241bf-e184-4b2a-8153-338de9667f84,Edge,linux,200
22158,101.166.226.154,江苏省,2025-07-09 20:40:26,baidu.com,404393,4a1c073c-04be-4c56-a5cb-cbfbc9036e7e,Chrome,macOS,446
22159,86.7.195.50,四川省,2025-07-06 23:47:21,aliyun.com,178115,77357af6-0135-4fa9-980a-477cefe8894c,Safari,linux,152
22160,69.217.36.104,山西省,2025-09-24 01:19:13,xiaohongshu.com,181685,5e6e1540-0159-43f0-bc62-f3199e23ebde,Safari,win,395
22161,209.190.45.67,浙江省,2025-01-28 06:00:42,aliyun.com,255877,7aa2bc6f-9d7e-4cd0-9f02-0aad8831f12d,Firefox,安卓,284
22162,29.73.29.132,黑龙江省,2025-07-13 06:30:31,jd.com,765064,e1da7d20-e768-4321-994e-d748575f179a,Firefox,win,433
22163,209.193.142.140,澳门特别行政区,2025-09-12 08:37:03,taobao.com,902373,cc96600e-0f79-4523-9f5a-904c842682e8,Chrome,ios,568
22164,48.169.58.10,澳门特别行政区,2025-10-08 12:16:48,github.com,938861,a65472e6-22fb-47ee-9dca-81d58e8e43b2,Firefox,安卓,462
22165,97.174.56.184,湖南省,2025-10-10 20:24:00,aliyun.com,465879,7ba101cb-7008-4972-8b82-84060c3d26b9,Firefox,ios,46
22166,221.19.129.135,江苏省,2025-04-11 23:47:32,baidu.com,796195,a2590183-1cf9-4bc1-8704-f33470171abd,Firefox,win,211
22167,124.222.252.250,河南省,2025-05-09 16:18:01,douyin.com,218936,d9d8a196-f81a-48b3-8619-2bc0595c5ce4,Firefox,macOS,324
22168,54.109.231.108,新疆维吾尔自治区,2025-10-23 20:49:43,github.com,502397,1b200c62-a64d-4164-8f9e-12c71550f298,Firefox,win,228
22169,124.201.9.198,浙江省,2025-04-26 21:49:39,qq.com,244450,1f77056a-ca74-4c7e-b7a2-0fb38ebc6745,Firefox,ios,211
22170,195.76.148.86,辽宁省,2025-08-13 12:49:23,bilibili.com,529301,26e1a2f6-bf66-4344-8bef-8a3e54ce0375,Safari,linux,492
22171,208.224.47.154,江苏省,2025-02-22 20:11:34,weibo.com,417034,55f62c22-bb45-4c93-ba95-54c012921607,Chrome,ios,62
22172,147.195.160.237,河南省,2025-02-14 17:37:58,xiaohongshu.com,811633,f4b0b191-f425-4126-82cb-e6e6f44c0f89,Chrome,linux,520
22173,196.97.153.158,海南省,2025-08-01 02:30:28,baidu.com,689502,fa947ca4-a2f4-4ce6-b3fe-3d6e62b94470,Safari,linux,209
22174,184.176.100.163,山东省,2025-04-30 11:55:43,bilibili.com,850370,f4fea4ce-26ae-4c93-9f83-eaf11d7a7afd,Edge,win,250
22175,99.63.70.207,江西省,2025-09-14 10:50:21,baidu.com,488790,e6ba3e9a-253a-4f67-9328-1398e9ec000e,Safari,macOS,156
22176,210.226.71.188,河南省,2025-09-06 04:29:25,github.com,518587,f8264c09-b2dc-47ee-9517-3b1deccd22ce,Edge,win,216
22177,140.123.231.128,澳门特别行政区,2025-10-31 22:49:47,taobao.com,906635,2001bdf5-268a-4ca9-8afe-7a9bb92b8e06,Safari,ios,13
22178,61.214.153.21,北京市,2025-09-06 21:54:07,jd.com,656847,3f799c08-fb28-4046-9bb4-4a4609380f7d,Chrome,win,443
22179,130.185.129.245,安徽省,2025-12-15 22:56:06,taobao.com,420583,c29a5b65-4e76-475c-868a-81e2dc76b901,Chrome,macOS,134
22180,130.142.188.77,福建省,2025-11-01 03:36:48,bilibili.com,542939,3193caf1-24fe-4ffe-8244-c5fb0c87ee80,Chrome,win,148
22181,164.84.111.207,内蒙古自治区,2025-03-25 07:23:48,qq.com,505068,36fd5984-944b-447f-b7fc-d4eb76195e3a,Edge,ios,260
22182,43.194.49.85,黑龙江省,2025-09-15 00:54:29,baidu.com,952884,aca5d9b8-0568-4510-8fa8-41d5377f2d12,Edge,macOS,329
22183,115.214.140.65,山东省,2025-08-07 21:01:07,weibo.com,742413,33569cbe-a04e-4e04-b567-240902ced700,Firefox,win,23
22184,65.237.46.68,山东省,2025-12-24 19:05:15,jd.com,451537,c1630405-dd50-4ff4-bfc1-34f0926dacad,Firefox,linux,41
22185,56.176.59.211,广东省,2025-10-30 19:07:06,taobao.com,693645,80f33488-717d-4899-9322-ede7515c5cb4,Edge,安卓,167
22186,62.120.181.97,香港特别行政区,2025-04-27 04:00:21,aliyun.com,605282,d5ae8d10-7b62-4d03-82bf-8c05f1f7516a,Chrome,win,322
22187,142.142.122.151,黑龙江省,2025-01-13 09:10:23,douyin.com,976851,4a7b221e-9c1d-42d4-8d2d-d7ef72141277,Edge,ios,374
22188,97.167.41.238,天津市,2025-02-03 03:27:10,bilibili.com,235072,e34de640-e5fb-4b2c-b218-cdde9606a7d0,Edge,ios,255
22189,202.141.143.243,安徽省,2025-02-22 06:36:06,taobao.com,493707,d469d985-5746-4e40-b272-78451fcb8700,Chrome,macOS,364
22190,149.186.43.15,四川省,2025-08-12 10:01:37,douyin.com,888584,75b42cf6-ab67-4e54-a856-6a3a183a6a8f,Edge,安卓,589
22191,193.12.232.88,重庆市,2025-05-27 01:56:37,baidu.com,742803,22b49989-610c-4a1d-a961-213c2c7bcb58,Safari,安卓,589
22192,161.246.22.26,新疆维吾尔自治区,2025-07-02 20:00:53,qq.com,896619,9ba33c2c-d18d-4c17-8daf-8e5001332398,Safari,ios,324
22193,221.77.123.141,上海市,2025-10-21 15:11:31,jd.com,840593,30531ba6-903a-4513-8076-82d06e93eb22,Firefox,ios,383
22194,52.245.75.232,台湾省,2025-06-01 18:55:40,github.com,567168,c53ea470-ea72-4a16-b176-69c9aa9c8e88,Edge,ios,275
22195,45.30.93.115,四川省,2025-06-12 16:00:20,weibo.com,951501,0deb7f03-74c8-48ac-8c41-9beb2252fb6b,Safari,linux,515
22196,215.199.244.238,四川省,2025-09-16 05:57:52,douyin.com,221048,d962cd5b-e3e4-437c-88c1-0993b2681ea1,Chrome,ios,179
22197,69.39.7.61,吉林省,2025-05-29 15:53:11,weibo.com,560112,05695c21-4ae0-451d-a230-8bba949ddba9,Edge,linux,153
22198,210.130.241.97,香港特别行政区,2025-08-03 00:42:53,qq.com,738952,9e126b54-2dc3-4ec6-8e84-cd71f6c74161,Edge,linux,68
22199,95.113.215.171,内蒙古自治区,2025-12-24 08:50:01,qq.com,516677,bff7067f-7049-4758-93e5-8bad7623277a,Safari,ios,232
22200,90.244.75.51,甘肃省,2025-07-04 19:59:44,qq.com,682274,c8e91fe5-06d5-49e5-a1aa-f9c55ebac544,Firefox,linux,365
22201,108.73.236.196,西藏自治区,2025-07-12 15:20:02,bilibili.com,397275,44338b76-3635-4d3c-a22c-ec4a0dd33c93,Edge,ios,12
22202,38.101.144.6,西藏自治区,2025-07-03 16:01:02,bilibili.com,528134,092b1415-14a1-4d3c-b6e5-2f0a4f1e8d5d,Firefox,macOS,249
22203,11.132.226.154,内蒙古自治区,2025-03-07 20:25:49,jd.com,893858,28a07eb8-2f76-4276-ace2-d1f1dd8ad408,Firefox,win,289
22204,162.163.116.215,西藏自治区,2025-01-29 16:32:52,xiaohongshu.com,263332,1586f7f8-e3af-4b62-8a92-6f1ac1650391,Firefox,macOS,26
22205,63.128.112.232,西藏自治区,2025-02-08 05:36:54,github.com,467845,c8fd0760-5b47-4680-9408-8ed4a3828f1f,Chrome,ios,393
22206,13.233.37.168,海南省,2025-04-27 02:02:56,qq.com,162031,1c1b808b-c4c4-4dde-9285-f3797336b3d3,Edge,ios,258
22207,130.70.211.192,上海市,2025-05-09 18:50:20,jd.com,519725,d0a3456b-65c5-4f19-9f1b-561ed850049f,Chrome,ios,393
22208,220.149.106.188,青海省,2025-01-28 02:42:29,aliyun.com,673459,bfe56aa9-9503-4b7c-8a12-b4c5dee6f0f3,Edge,ios,502
22209,81.15.63.73,江苏省,2025-05-15 13:10:06,taobao.com,100833,3932d35e-3630-4677-a3e6-3329e781f35a,Edge,win,69
22210,67.151.140.149,黑龙江省,2025-06-01 10:28:19,baidu.com,582394,323c8a74-59c8-44af-aa41-2a48befd76f8,Firefox,win,39
22211,85.30.90.173,重庆市,2025-10-30 13:49:10,douyin.com,293800,41342599-bf0e-47e6-b89d-ff6a18d10012,Edge,安卓,344
22212,45.110.201.97,河南省,2025-11-13 04:52:51,taobao.com,874804,975b2919-253f-40db-8dcd-293d9b0e8cee,Safari,macOS,562
22213,98.112.205.147,内蒙古自治区,2025-12-25 18:35:47,bilibili.com,374485,a21a342f-bd1f-4174-9f83-25bbd1d1dade,Firefox,安卓,112
22214,54.49.3.110,北京市,2025-12-16 18:21:31,jd.com,817825,ebdb96bd-444e-49cc-81f3-45e32dede879,Firefox,win,82
22215,28.185.136.53,江苏省,2025-01-29 07:25:20,bilibili.com,783679,359ce441-8d34-4acc-b793-feacec92cf72,Safari,安卓,205
22216,106.73.75.168,上海市,2025-08-14 02:16:30,aliyun.com,865264,47706b16-9166-4842-a9bd-bfa60d1b0b15,Chrome,安卓,484
22217,222.255.140.90,吉林省,2025-05-15 01:33:05,github.com,149764,d42e8c8f-cc41-4405-b250-4ee659be8dae,Safari,linux,59
22218,2.244.23.152,云南省,2025-05-28 09:44:10,douyin.com,782108,0c016fe2-f1c6-4e8a-9692-1a25a889924d,Chrome,安卓,31
22219,52.37.155.177,江苏省,2025-10-27 17:44:55,jd.com,895375,083ca9f2-8338-4b00-b371-4c91344b68f7,Safari,linux,546
22220,199.86.30.186,上海市,2025-07-22 08:28:35,weibo.com,433606,518715d4-6392-407e-bd05-d2be89c58ef4,Chrome,ios,374
22221,202.241.155.253,河南省,2025-05-13 05:52:19,qq.com,956046,c7d66514-0ef0-4a69-93b5-63ba569c2e4f,Firefox,linux,136
22222,36.47.231.238,河北省,2025-06-12 06:13:07,baidu.com,106374,5b88769a-985e-4539-8d68-c10a9a00c2c3,Chrome,ios,556
22223,38.7.107.172,香港特别行政区,2025-12-05 11:11:17,xiaohongshu.com,490998,b9b8dc98-8f6d-45b4-9672-c632d9cc52e6,Safari,linux,238
22224,59.123.147.236,福建省,2025-04-26 00:20:09,douyin.com,940063,4c1d1230-aadd-4706-9d9f-7a65fc2dacea,Chrome,安卓,455
22225,167.247.173.125,香港特别行政区,2025-10-20 22:16:26,jd.com,396063,8e28b8c4-0e8d-4448-a237-b7ece39b30dc,Safari,win,524
22226,203.47.141.232,内蒙古自治区,2025-08-04 11:10:16,aliyun.com,725529,1d4b1d96-6093-4347-85b8-10b92c2e5751,Chrome,安卓,130
22227,216.16.46.9,西藏自治区,2025-05-28 05:19:03,bilibili.com,485399,54b20adc-a6a2-46ec-9ce5-afe4ca5c4a5f,Chrome,win,594
22228,136.221.179.140,云南省,2025-03-29 18:58:49,baidu.com,824696,e6a0543b-ad8a-47d9-8354-a99a0ea6303f,Firefox,win,9
22229,214.39.102.125,新疆维吾尔自治区,2025-06-18 04:54:46,qq.com,725445,e45daf29-1f13-49ce-b43c-b25b6071a1c0,Edge,linux,395
22230,113.44.200.179,香港特别行政区,2025-09-02 12:07:32,xiaohongshu.com,663913,369bbba9-9143-48e6-ba33-3eaf64225e74,Chrome,安卓,424
22231,139.182.14.254,安徽省,2025-01-09 14:02:51,jd.com,309986,11f6309d-0ab3-4d65-8d94-129f25d63348,Chrome,win,397
22232,219.154.53.90,湖南省,2025-07-02 07:18:55,github.com,219192,ea324ba9-128e-4ccb-8896-c6ab7f06331f,Chrome,安卓,581
22233,206.153.211.67,湖北省,2025-07-21 21:58:12,baidu.com,657253,a4d0362d-0486-470f-b1d2-fcaa8af12d26,Safari,ios,66
22234,99.231.149.91,河北省,2025-08-30 13:09:43,baidu.com,539449,6b5e337b-b337-43b7-b24d-9d1a8c2663b1,Chrome,ios,128
22235,188.175.211.239,辽宁省,2025-06-22 10:30:10,xiaohongshu.com,123330,fb545df1-e885-4f2b-82f3-f2f835cfbc86,Safari,macOS,234
22236,219.30.18.250,河南省,2025-01-03 10:25:38,aliyun.com,613246,f2337cd1-a1bc-494f-9659-6e39307d8cea,Chrome,macOS,581
22237,222.240.103.186,内蒙古自治区,2025-08-24 23:01:17,baidu.com,348183,7231675a-0f42-47f8-ab1f-3cf2310a431d,Chrome,win,342
22238,60.168.82.129,四川省,2025-08-15 08:49:40,qq.com,343708,c9d56bed-1ca8-4e7e-8356-d38c518cc145,Safari,linux,48
22239,138.232.155.75,北京市,2025-04-29 20:01:32,qq.com,305609,d605dd52-76ec-45ec-bd07-0e3c8368ca4d,Chrome,ios,150
22240,119.12.14.49,云南省,2025-05-24 16:02:18,qq.com,182260,a9885e14-950e-40a0-9521-91c437cd25f2,Edge,linux,561
22241,209.133.58.127,陕西省,2025-03-31 18:11:52,qq.com,607064,ab42d536-17cf-407a-a06a-5f1b607a58a2,Chrome,win,266
22242,191.212.87.168,台湾省,2025-05-15 18:27:00,aliyun.com,853628,22575441-8f32-41ea-a56d-7a91e00185bb,Edge,win,108
22243,135.177.69.234,台湾省,2025-10-30 18:48:31,taobao.com,916550,58cb1154-e6ef-467d-8cd5-fa1920040069,Edge,ios,55
22244,37.48.183.157,河北省,2025-11-09 09:36:58,weibo.com,213913,c1d78354-d1bd-44d9-bd0c-0cf72986a778,Chrome,ios,369
22245,45.128.230.189,安徽省,2025-03-23 17:05:31,xiaohongshu.com,605843,e38313ef-ba29-4f84-b4fe-b886fbc6d29f,Chrome,linux,197
22246,7.239.35.11,陕西省,2025-02-03 17:50:46,qq.com,416349,9ea220c5-5bda-4133-a2ad-a0d82de10511,Safari,macOS,366
22247,120.58.200.155,浙江省,2025-03-27 07:07:30,bilibili.com,570386,6daf1d35-81d6-46f6-a88a-dcf3d68c66f7,Edge,win,569
22248,73.30.117.112,浙江省,2025-06-14 05:14:53,baidu.com,110427,92b3ce7a-b6ff-497a-baaf-ad0fa51dec33,Chrome,ios,458
22249,71.114.3.182,台湾省,2025-07-28 10:16:57,douyin.com,210061,49939315-6c4c-4075-b6bf-44411b0682d4,Firefox,linux,599
22250,106.119.131.102,山西省,2025-05-22 16:34:55,taobao.com,214557,5dfae85a-2720-4973-b0f7-f4513d24fba3,Safari,ios,179
22251,219.205.238.156,内蒙古自治区,2025-02-08 13:44:39,bilibili.com,903542,b8c86800-b54d-4d07-9f84-3c1d54b7564f,Edge,linux,400
22252,35.129.51.12,福建省,2025-01-09 23:57:13,weibo.com,767418,23e287fa-9fd8-40d6-9053-ed6ef18a0bdb,Firefox,win,499
22253,99.31.39.238,吉林省,2025-04-06 10:15:25,github.com,647102,2e826074-43df-467c-92c7-eceffa66cd8d,Firefox,macOS,433
22254,138.19.142.155,香港特别行政区,2025-12-07 00:09:13,aliyun.com,945479,38fd4528-faee-4426-9394-c237f83ef1cf,Edge,ios,328
22255,160.67.103.21,山西省,2025-03-20 02:41:02,bilibili.com,850136,4750d774-606e-4e00-9417-c6b2a74c5a08,Chrome,安卓,155
22256,155.94.74.89,河北省,2025-04-04 05:28:46,bilibili.com,604503,575639cf-67e9-46cd-92ff-07a370faf1e3,Chrome,macOS,201
22257,84.22.203.33,云南省,2025-07-05 15:26:05,jd.com,422422,f3987c3d-ce75-4951-a538-c9be7b5088a0,Safari,安卓,168
22258,14.148.165.130,宁夏回族自治区,2025-10-25 08:36:07,jd.com,410783,28fd4356-c5c7-4eb0-9cd9-eeaf80048ce5,Safari,ios,237
22259,11.149.65.160,湖南省,2025-11-09 15:42:34,douyin.com,770776,dc281f90-f3de-4a14-9378-e2846bd38a95,Safari,ios,233
22260,144.237.94.220,河南省,2025-02-04 05:51:31,douyin.com,922857,da740952-c85c-4aa8-8a55-7ae5226481c8,Chrome,win,393
22261,146.12.25.217,江西省,2025-05-13 07:44:17,jd.com,514341,9cf30727-4a47-47de-945d-de73881b45e8,Safari,win,545
22262,184.197.195.125,江西省,2025-09-22 04:23:39,qq.com,871070,fe2ca0ad-87c1-4474-9611-a72b2748233e,Edge,linux,93
22263,172.30.190.152,天津市,2025-03-21 09:48:32,qq.com,826371,1b87f78f-6ffb-47e2-9d4c-d14c198d09c5,Firefox,macOS,510
22264,63.11.83.78,四川省,2025-07-10 15:32:05,baidu.com,290489,71b7e9cf-8929-4ee1-a16e-6d70a4a488e0,Firefox,linux,362
22265,69.18.196.248,湖北省,2025-10-16 18:00:59,qq.com,757293,13915f8a-7a02-47c3-80a7-503f5c2d4cf3,Edge,安卓,69
22266,207.168.173.7,贵州省,2025-02-25 00:34:13,taobao.com,270046,2cfd8f93-1dd5-4639-87cf-3b34f9da7f78,Chrome,安卓,162
22267,107.171.208.4,安徽省,2025-09-27 17:01:44,xiaohongshu.com,130212,0117265b-6fe3-451f-a649-dbd800432706,Edge,linux,596
22268,153.110.6.24,江西省,2025-09-06 23:11:53,xiaohongshu.com,148426,87c14430-8e61-45c7-8e11-3dbe6a220a87,Firefox,macOS,398
22269,202.220.30.69,浙江省,2025-05-05 06:51:50,taobao.com,554807,0710ed0f-3dbf-41d0-9275-5ea5a8351fd4,Chrome,安卓,223
22270,210.181.35.83,广西壮族自治区,2025-02-06 10:33:52,aliyun.com,700797,c9c9bfc4-0ad4-4df6-9446-43c80458043a,Edge,linux,117
22271,178.161.154.155,山西省,2025-01-26 01:09:39,douyin.com,881216,c3b79d0f-6088-4775-a1a5-e10043d9c20f,Firefox,ios,18
22272,197.176.227.203,海南省,2025-04-26 08:46:05,aliyun.com,798660,535e9891-4f2a-4c0d-b001-4fd6e4365baf,Edge,macOS,586
22273,96.230.123.219,山东省,2025-12-13 01:21:40,github.com,169899,16ae3a0a-ef80-4e8c-994e-b4cc77528fbe,Firefox,win,346
22274,91.179.205.172,上海市,2025-06-22 11:14:08,bilibili.com,404892,f1d19ecc-0924-47ce-ba99-eed51e0bff89,Safari,win,358
22275,172.186.106.108,山东省,2025-12-10 00:53:11,bilibili.com,908619,fa57cc95-44f0-4d51-95a8-2a74d8765540,Safari,macOS,431
22276,124.132.146.136,贵州省,2025-07-25 14:13:19,jd.com,929547,af463b84-efaf-4774-a8c8-022265884524,Chrome,macOS,12
22277,88.21.241.211,新疆维吾尔自治区,2025-04-07 16:35:07,aliyun.com,212687,4f54b117-c930-4b9c-b1ae-96e688424cf0,Safari,安卓,430
22278,63.104.23.216,台湾省,2025-09-17 05:50:32,github.com,367645,d92ac7ea-feb4-499b-bc28-8a54c6275369,Edge,linux,212
22279,102.125.218.190,贵州省,2025-10-05 14:52:35,douyin.com,236063,246aae21-24c6-4680-ad40-d62c22fa33bb,Chrome,安卓,212
22280,165.158.97.92,澳门特别行政区,2025-07-31 18:46:04,github.com,724609,400b2fac-a865-4ab2-bef1-085bff3ae835,Edge,安卓,288
22281,47.171.218.82,湖北省,2025-08-22 00:01:46,weibo.com,926530,735ba02a-b48c-479d-bee2-99c23b444aca,Firefox,macOS,107
22282,170.237.6.231,江西省,2025-06-28 22:52:31,aliyun.com,478308,07237273-9c09-4d08-b4c4-8976891852aa,Chrome,macOS,128
22283,89.52.190.223,山西省,2025-07-20 08:59:03,baidu.com,109008,6baaa3f9-0126-4df6-8077-3a3127f32a3c,Edge,linux,225
22284,105.48.18.88,澳门特别行政区,2025-04-24 06:54:22,qq.com,981231,04e745cd-7300-4213-b8b6-6717eec2e7df,Chrome,ios,353
22285,211.183.15.171,香港特别行政区,2025-09-24 15:02:21,taobao.com,476537,a4228640-8ebf-4acf-aa48-dacbe5c4d417,Chrome,win,530
22286,158.133.175.6,台湾省,2025-06-30 14:00:24,taobao.com,209552,d0a5fe0b-9e2a-4d4f-ae4c-3331602623ac,Edge,win,88
22287,97.203.169.63,西藏自治区,2025-07-28 19:38:27,taobao.com,251308,5539bc57-7596-4fcb-8bef-88d85aeb34f0,Safari,ios,488
22288,169.64.129.124,湖南省,2025-03-13 21:03:43,weibo.com,406189,01337c6e-a2fa-4d17-bff9-68fe9a64ed15,Safari,linux,437
22289,11.203.56.56,江苏省,2025-01-05 22:21:40,xiaohongshu.com,559087,8f14fa05-2d12-4fa9-a9de-cefb3fc2812e,Edge,linux,71
22290,202.138.51.163,江苏省,2025-01-19 09:12:22,weibo.com,976206,1f4246c0-3654-49f5-972c-b18a0c2af2ca,Chrome,ios,100
22291,69.194.255.170,陕西省,2025-06-03 02:04:15,weibo.com,625632,59799156-c356-41c5-b649-c2433b1a340b,Safari,安卓,485
22292,39.121.233.70,香港特别行政区,2025-11-21 18:54:12,baidu.com,748013,180283e9-2f54-4f96-bbf3-bfbfb9ee2fe2,Chrome,macOS,40
22293,148.150.186.231,内蒙古自治区,2025-11-02 11:52:43,weibo.com,560855,b5c80ec3-d724-45cd-95ff-8abb4cd3bc73,Edge,linux,253
22294,84.181.220.217,黑龙江省,2025-12-22 06:36:36,bilibili.com,379846,75bd72dd-c9ae-499e-91fd-8d630cb53137,Chrome,linux,205
22295,23.20.76.15,安徽省,2025-05-18 15:34:13,bilibili.com,539083,aab2d5e6-e260-4eac-ade9-90592be9e788,Edge,ios,209
22296,105.71.222.155,陕西省,2025-08-25 04:31:31,xiaohongshu.com,859760,02781212-f94f-4991-a9a5-780a47b9d2b2,Safari,win,330
22297,84.125.45.75,新疆维吾尔自治区,2025-02-26 08:34:04,aliyun.com,225801,a31ac46b-a313-4981-804f-46592f27d481,Firefox,ios,538
22298,111.43.153.187,河北省,2025-03-15 01:43:28,douyin.com,203643,cc0b8527-1979-43b2-9fae-b18c3bbbcad2,Chrome,linux,517
22299,15.178.171.137,河北省,2025-01-24 04:48:21,github.com,989564,83f65053-ffd7-4e74-95c5-a26866665404,Chrome,macOS,238
22300,10.4.61.125,四川省,2025-12-29 04:19:36,taobao.com,891458,30ac4662-5103-4f8d-9a29-3067a33a8c29,Edge,macOS,251
22301,13.198.201.26,黑龙江省,2025-05-08 01:01:42,jd.com,906526,5dc593b3-d5ce-4e24-b811-a6e002d1134e,Firefox,macOS,125
22302,128.49.142.203,吉林省,2025-03-24 15:17:34,aliyun.com,277481,41575c5b-acf4-42b9-aaaf-e8d356d974fa,Firefox,win,479
22303,219.67.71.45,山东省,2025-08-17 23:10:19,jd.com,266007,d1ad9c1b-1ea6-4fab-bfec-93e106919f02,Safari,安卓,177
22304,35.206.91.25,黑龙江省,2025-12-26 22:37:53,github.com,417003,9ff1e3a5-01db-4a16-ba87-66d216758dc9,Chrome,macOS,150
22305,181.215.203.176,新疆维吾尔自治区,2025-12-06 11:18:13,aliyun.com,648935,af41d21f-486c-4ac8-975a-4634e3dfb317,Edge,安卓,494
22306,199.45.159.209,河北省,2025-01-31 07:22:43,weibo.com,227945,a4acda01-9813-4add-a1a7-b17f9eb51fc7,Edge,macOS,469
22307,199.176.234.193,河南省,2025-01-01 17:14:23,bilibili.com,215567,26e1f743-23f0-4fa0-be07-33699deaf3d4,Safari,linux,142
22308,29.55.66.177,澳门特别行政区,2025-05-23 19:15:16,baidu.com,268497,03d465c5-7ca3-49c9-9fca-689954f69562,Edge,ios,356
22309,153.206.214.208,内蒙古自治区,2025-04-11 22:22:34,xiaohongshu.com,331653,80be83bf-33bc-4604-9a97-10d184d2e0e2,Edge,ios,450
22310,216.232.38.171,上海市,2025-05-08 22:33:32,taobao.com,154431,cf7397d9-0c31-4284-9e66-9ca491309f54,Firefox,win,205
22311,175.203.226.42,香港特别行政区,2025-07-03 19:07:07,douyin.com,471219,d712e290-3540-4f21-9bd7-3acdb4dfe1da,Firefox,win,320
22312,130.247.240.57,山东省,2025-06-13 08:17:32,taobao.com,294921,18685103-ffd3-4426-a1f7-7ef9aea2fe38,Chrome,macOS,338
22313,149.19.129.237,辽宁省,2025-05-17 15:09:00,douyin.com,376706,2ed494c5-bb64-44fd-ad54-b9a32b035e47,Edge,ios,139
22314,90.181.177.224,湖北省,2025-05-29 07:31:29,qq.com,291673,0fa6b3fb-c26e-4134-a32d-0a81ad5004c1,Edge,安卓,494
22315,222.134.230.162,内蒙古自治区,2025-09-26 08:01:15,douyin.com,650812,12833776-cd4c-4b16-9f6e-2763d5bf9275,Chrome,win,104
22316,55.38.80.242,江西省,2025-11-11 09:14:33,qq.com,290442,095a1e94-8e73-4e4a-8345-bf57bb6b364e,Edge,macOS,155
22317,199.182.206.52,广西壮族自治区,2025-11-06 11:29:54,xiaohongshu.com,214365,6f6107a2-91d3-430c-8120-d92f64997ab3,Chrome,macOS,476
22318,73.57.216.246,西藏自治区,2025-07-05 08:50:02,douyin.com,354913,319c2df2-31dd-4516-92c8-89e126bb74be,Firefox,ios,480
22319,115.88.90.109,海南省,2025-06-13 08:53:50,aliyun.com,184744,3acb5db3-7494-4a29-adee-16babf71daa8,Chrome,ios,389
22320,198.199.41.184,江西省,2025-08-28 00:10:30,qq.com,391808,0c288675-7e12-4268-a99e-5c31db61338f,Safari,win,164
22321,203.228.110.92,天津市,2025-05-31 18:48:40,taobao.com,995381,5cce014b-421c-4d90-857f-5088a73130c6,Firefox,ios,76
22322,16.99.139.98,青海省,2025-10-01 22:25:54,baidu.com,904736,fd9f350e-ed83-4573-beae-cb604594794a,Chrome,macOS,226
22323,144.145.90.172,上海市,2025-08-25 19:22:49,github.com,187647,612e0d47-92ff-429d-b0c5-41ffb97a9b7f,Chrome,linux,526
22324,194.14.20.78,台湾省,2025-05-06 22:31:47,taobao.com,899778,fcad3ff2-590c-41e0-93e3-56e5a51291fc,Edge,ios,542
22325,120.167.14.21,山东省,2025-06-19 19:05:49,xiaohongshu.com,294553,6ec6753e-161e-451b-9c30-0ca6fb3634d6,Firefox,win,109
22326,156.180.36.15,河北省,2025-05-05 13:46:00,weibo.com,368886,b56b5d67-e303-402f-9014-88c03e47f7ee,Chrome,ios,557
22327,154.186.145.224,新疆维吾尔自治区,2025-05-29 04:20:56,taobao.com,857525,b5f144e7-4110-49b0-9705-95a5116e0a15,Edge,win,252
22328,25.138.2.3,香港特别行政区,2025-09-08 06:01:09,jd.com,394307,bd683050-16de-41dc-a696-721c0e7ecbd8,Safari,linux,333
22329,35.136.91.164,广东省,2025-11-20 20:53:07,weibo.com,993929,30ef858a-8fb8-4834-9d01-c6921dbac449,Firefox,安卓,582
22330,89.87.101.246,宁夏回族自治区,2025-10-27 12:14:07,xiaohongshu.com,201642,e40a4581-49ea-4445-a006-5d8b72070306,Safari,安卓,242
22331,5.84.148.153,四川省,2025-11-11 03:38:37,jd.com,928339,8f969082-9017-4c9f-b7a9-e49847839af3,Safari,win,200
22332,24.70.45.168,福建省,2025-06-05 02:26:51,douyin.com,889398,d2465e2b-812c-4dc9-8af2-d486f5770187,Edge,ios,474
22333,135.129.156.169,澳门特别行政区,2025-10-20 05:33:48,bilibili.com,183844,0befc547-a8a6-4fa1-9438-1d06488aee57,Edge,win,307
22334,58.112.49.45,海南省,2025-06-15 14:20:32,bilibili.com,725710,c1fbeeab-eda9-42a8-988c-17bc60af71a6,Firefox,ios,118
22335,131.178.133.168,陕西省,2025-09-11 05:20:25,baidu.com,586518,d24dc341-8f03-491c-97cf-f7d754767828,Chrome,安卓,496
22336,140.103.132.113,河南省,2025-08-11 15:47:24,aliyun.com,629224,c2a7c10f-4941-412f-b036-3086d7b2ebe2,Chrome,win,456
22337,203.233.68.147,黑龙江省,2025-11-12 01:02:38,github.com,917064,0b45ad61-858b-4f78-8599-7bb2e90a3b4b,Firefox,安卓,280
22338,161.242.26.207,河南省,2025-05-26 17:44:16,github.com,513147,5af78859-e7d2-4441-8f49-2e6c25a624ab,Edge,win,208
22339,171.160.62.108,湖北省,2025-02-11 08:41:33,github.com,987593,c1985aac-2020-43c2-9f69-9731223bd286,Firefox,macOS,290
22340,4.70.70.112,江西省,2025-06-16 08:36:48,baidu.com,492357,6816b30f-c628-4046-ba93-85292fca25c8,Firefox,ios,69
22341,11.70.17.62,上海市,2025-02-15 07:42:48,weibo.com,979613,ef6fa1d0-237b-4bd6-b561-1ff109167318,Chrome,安卓,274
22342,5.104.20.2,甘肃省,2025-03-26 18:56:57,xiaohongshu.com,340104,ddb4a8fd-f154-4a91-876a-3345c3b64ced,Firefox,macOS,106
22343,155.135.59.228,重庆市,2025-05-14 16:58:19,qq.com,227720,dc9e4c70-286d-4437-9eb5-8baac8b6407d,Edge,ios,65
22344,223.134.203.200,澳门特别行政区,2025-06-28 12:27:59,github.com,716203,63b26f97-99c1-496c-8c46-e3b61cb9c679,Edge,ios,69
22345,186.100.205.37,上海市,2025-03-15 20:15:14,bilibili.com,295238,766f0799-70ea-4d92-b9dd-db6b7547447a,Chrome,安卓,582
22346,19.208.53.236,江苏省,2025-03-11 04:37:10,aliyun.com,430642,a6575c48-60e0-47e6-905f-5ba75dd8ff24,Edge,macOS,512
22347,17.103.83.183,江西省,2025-11-03 21:45:13,jd.com,817779,3a35a2fd-49ce-47b3-82bc-64848072b380,Chrome,linux,486
22348,208.9.149.146,海南省,2025-11-26 18:25:34,xiaohongshu.com,777251,7db184c7-192a-4811-a11d-ed493dd4c2c2,Safari,安卓,136
22349,25.51.96.5,湖南省,2025-06-03 16:35:19,xiaohongshu.com,443924,cafd76d0-f2aa-4ece-bb49-609ef890c5d6,Chrome,macOS,476
22350,11.143.114.71,广东省,2025-08-27 15:02:13,baidu.com,445742,27a3fae2-b883-41e5-959a-522c49c2eaa5,Edge,ios,247
22351,121.0.43.161,山西省,2025-10-09 02:20:54,jd.com,140275,df6aac88-7002-4229-ba76-477b4437eb2e,Firefox,安卓,460
22352,111.116.92.62,宁夏回族自治区,2025-06-14 12:04:46,aliyun.com,493488,f5471301-328e-443d-9766-12cbc898b9a6,Safari,安卓,139
22353,45.199.102.86,西藏自治区,2025-05-20 16:53:45,aliyun.com,775835,b3c91039-2db9-4c62-8bc4-4625aad4d12c,Safari,win,136
22354,102.132.39.218,重庆市,2025-06-19 05:24:41,jd.com,221165,19db8d0b-ab70-481e-9dac-987d7050ed15,Safari,win,467
22355,217.148.178.136,台湾省,2025-08-29 08:22:15,github.com,478203,f8c8cac4-9c24-4893-ac2e-9b4bee9c8a45,Firefox,macOS,440
22356,140.249.17.90,宁夏回族自治区,2025-04-03 15:37:59,xiaohongshu.com,587107,d108d713-a6ac-4454-a965-5edcdb623e29,Safari,安卓,111
22357,29.248.218.76,台湾省,2025-09-03 22:30:49,jd.com,216118,d4eb5706-e722-4d2e-9775-d7bf6a2ba63f,Chrome,linux,261
22358,201.63.23.44,青海省,2025-12-06 09:19:22,baidu.com,349252,bb98c533-57e6-467a-81e3-435b55db7323,Edge,macOS,202
22359,31.32.131.250,贵州省,2025-09-26 04:59:04,jd.com,601109,9f57363e-8ff3-4c5e-a018-e2eb48f096cc,Safari,win,255
22360,183.143.225.23,澳门特别行政区,2025-08-01 12:08:57,weibo.com,608129,caa1ba09-7a0e-4d7f-bda0-44d2938a347a,Safari,安卓,525
22361,4.166.65.182,吉林省,2025-06-15 03:37:29,qq.com,436938,ed386321-0cfe-4cd0-be66-9e6012ff8bd1,Chrome,macOS,51
22362,147.2.98.216,重庆市,2025-07-24 22:11:11,bilibili.com,634112,2bc6385c-1b7b-4d14-9557-39ffae9f7552,Chrome,macOS,151
22363,11.178.217.190,湖南省,2025-08-18 21:32:16,taobao.com,554796,4ceb7a4f-e078-4307-881c-0450b161b770,Firefox,win,588
22364,69.104.220.235,吉林省,2025-05-09 04:43:23,weibo.com,168077,e59ee3ad-dfb1-4dcd-9e99-40457942f13b,Firefox,安卓,195
22365,112.39.118.46,浙江省,2025-11-24 12:42:19,baidu.com,546188,b2c1c43e-367c-4bc1-9909-98bae530c44b,Chrome,linux,424
22366,105.2.216.39,台湾省,2025-09-29 21:01:27,qq.com,418429,d26501a0-7ccd-428e-9101-e774f52f9d58,Safari,win,295
22367,72.118.245.123,黑龙江省,2025-04-03 02:23:17,bilibili.com,798539,e0e9a4d0-c29e-43ae-9fb4-f09517bc7ff5,Safari,安卓,547
22368,134.166.167.76,河南省,2025-08-29 11:38:58,baidu.com,323377,0b663cec-cb7e-43ea-a42b-a47890285731,Firefox,安卓,377
22369,93.61.239.40,吉林省,2025-05-02 22:29:26,jd.com,425886,038a3063-66f3-43d2-a081-5275c03865dd,Safari,安卓,557
22370,148.48.60.146,浙江省,2025-04-01 20:52:31,aliyun.com,926070,fef0f218-9d16-45b9-a7dc-9494f5c5714e,Firefox,安卓,80
22371,18.153.146.230,辽宁省,2025-12-30 21:19:26,jd.com,314626,2257adce-1b71-42f4-83e0-b7cd5b81da2f,Safari,ios,427
22372,179.30.83.44,内蒙古自治区,2025-05-06 22:27:19,taobao.com,790789,4342326e-093f-48a7-bd63-786936c7f6f1,Safari,安卓,305
22373,200.3.58.129,北京市,2025-04-15 17:20:03,github.com,409004,f802b08e-0fb4-4b92-b1ca-f17d5e96d87a,Safari,win,148
22374,91.169.239.55,云南省,2025-03-23 01:55:21,baidu.com,254180,3c551fb4-3c31-410b-8bce-bdcc17e00f62,Edge,安卓,468
22375,90.193.205.168,青海省,2025-04-30 04:40:38,github.com,714975,5c6b988a-60cf-46ce-9272-bd5323c707f7,Safari,macOS,465
22376,6.115.171.181,宁夏回族自治区,2025-07-18 18:43:01,baidu.com,760715,72601c97-4580-4912-af6c-488193957cc0,Firefox,ios,585
22377,113.234.43.238,北京市,2025-09-18 00:14:50,xiaohongshu.com,929555,5d503511-c252-43e7-b85b-23790265d566,Firefox,linux,541
22378,173.178.174.217,福建省,2025-11-15 05:13:29,baidu.com,996447,64f57385-1dfa-458c-b2cf-6227991e16e2,Chrome,ios,485
22379,54.80.110.199,陕西省,2025-02-25 11:12:52,qq.com,402526,5cbc2999-5b59-4f20-b3c2-a08db450f29d,Firefox,安卓,419
22380,68.186.252.142,吉林省,2025-08-09 07:57:20,douyin.com,358826,a4db5151-67de-4180-9d73-96b6f3e81a70,Edge,安卓,344
22381,174.214.118.79,湖南省,2025-04-19 20:46:22,github.com,558778,89fceaae-3524-4118-a967-809f45670785,Chrome,ios,266
22382,172.194.217.201,云南省,2025-07-26 17:54:51,github.com,675324,947343aa-f3d6-4ded-b1bd-2b2f9901fdc5,Firefox,win,131
22383,56.243.154.28,安徽省,2025-10-31 16:57:04,xiaohongshu.com,235794,ce83acf8-a558-46b5-bf13-48435609960b,Safari,linux,40
22384,67.214.194.36,甘肃省,2025-05-17 14:11:38,xiaohongshu.com,712394,0aeccf8f-21be-4b01-990f-55a3c18de927,Chrome,ios,539
22385,117.186.235.136,河南省,2025-07-21 10:25:51,baidu.com,668626,2173cba2-9b22-40e5-b2d6-dbf4a3c658c7,Safari,win,558
22386,201.158.97.252,浙江省,2025-03-26 11:06:17,taobao.com,919530,cfa487a6-279e-43e3-8e88-46233b3a15e7,Safari,ios,394
22387,39.18.56.204,福建省,2025-11-16 18:31:59,taobao.com,204086,f76fa21f-530d-4181-a450-feac4fb6513a,Chrome,macOS,454
22388,97.235.213.195,重庆市,2025-11-16 06:13:34,github.com,476336,32380e04-f324-4ea7-94b0-4ec93233e84f,Firefox,ios,256
22389,192.149.190.133,四川省,2025-03-28 20:59:55,taobao.com,453050,f4156af0-4c16-49da-b160-ba6a683363cb,Chrome,win,448
22390,155.87.171.91,湖北省,2025-06-18 13:09:38,taobao.com,334607,de79f129-98ec-40f9-a6c8-bb219d8e0e60,Firefox,安卓,529
22391,214.237.210.38,青海省,2025-03-21 16:10:14,baidu.com,123986,9df4ef75-02b8-45fd-aa8f-97bf89b30c2a,Safari,安卓,57
22392,53.28.9.181,江苏省,2025-06-05 04:29:17,jd.com,320729,f23ddb82-9d64-4456-8f6d-1a767bc7e500,Safari,win,14
22393,176.79.105.72,湖北省,2025-02-19 10:30:52,weibo.com,884278,2ec99123-4866-435e-b8ea-2e15146db3f7,Firefox,linux,320
22394,70.132.114.131,天津市,2025-10-18 05:18:22,jd.com,759434,40305a8c-a7c2-4cf8-aee5-5085cd68d57c,Firefox,安卓,448
22395,99.101.2.247,新疆维吾尔自治区,2025-12-24 23:10:24,jd.com,901239,35050b91-b01f-4548-a938-9f5eb8aafc22,Chrome,安卓,310
22396,89.44.39.164,江西省,2025-11-10 01:07:56,baidu.com,176486,ab787444-eb4f-4c70-aa7b-35c4846d2eaf,Chrome,ios,414
22397,140.162.154.238,浙江省,2025-03-26 01:09:39,weibo.com,708063,2de9c86a-e870-4844-ac38-d4c4258175d5,Safari,linux,52
22398,195.227.0.93,台湾省,2025-07-04 04:26:58,xiaohongshu.com,653507,4d775408-91ee-49cd-9692-dc786747fdb2,Edge,安卓,291
22399,35.37.166.212,澳门特别行政区,2025-03-29 17:50:57,jd.com,598914,eb1ad968-f79d-482d-a8dd-77033622afd4,Chrome,win,371
22400,89.189.127.19,湖南省,2025-12-11 10:28:13,bilibili.com,851249,3fe800cd-da57-412a-9b3c-63f2913142c7,Firefox,win,116
22401,204.59.151.4,山西省,2025-12-24 04:47:38,baidu.com,440346,9122d5a2-ae23-4ee1-a8a4-787b70460d74,Safari,ios,344
22402,211.168.65.18,云南省,2025-08-16 10:34:19,qq.com,279162,7073a128-b5a1-4761-acce-8d14fc1edb95,Chrome,win,431
22403,171.36.50.201,重庆市,2025-12-15 03:49:05,baidu.com,924021,a4b93159-e007-4fe9-b316-f3e3e572a9ca,Firefox,linux,169
22404,160.52.89.139,甘肃省,2025-10-05 04:38:00,bilibili.com,297248,0db2c291-dd9b-4e10-abd3-0b6c0e469b32,Chrome,安卓,414
22405,37.106.101.89,河北省,2025-05-24 09:47:06,aliyun.com,851072,ab3dab3e-6553-4137-884a-9364bdbb670d,Edge,win,469
22406,9.8.35.80,黑龙江省,2025-11-25 16:43:03,qq.com,725721,d6589591-42fa-405f-947e-1948c6f3cce4,Firefox,linux,345
22407,12.147.58.228,广东省,2025-10-03 02:45:51,jd.com,340352,0bb917ca-e4be-4f5c-a6d2-e9eba1ea9f4a,Edge,ios,264
22408,192.15.122.102,宁夏回族自治区,2025-01-25 01:14:25,github.com,317443,4e8694a4-fe42-49e9-8e82-07352dab9736,Edge,macOS,80
22409,117.3.232.117,四川省,2025-04-09 18:33:35,weibo.com,862835,89e7725e-2e05-4289-8aec-44c7d6888e5d,Chrome,ios,510
22410,126.147.154.31,西藏自治区,2025-10-20 04:41:58,xiaohongshu.com,862237,6bf323f1-7028-4b1e-922d-37f2b5b42fe9,Edge,安卓,34
22411,194.30.6.88,河南省,2025-02-16 17:24:08,jd.com,826490,99f6ab36-343e-4894-8107-6e6f0fda4b38,Chrome,macOS,222
22412,200.77.19.140,辽宁省,2025-02-16 17:36:11,douyin.com,453757,bacf2cc0-725e-4b0d-9b46-6095f77edc04,Chrome,win,422
22413,95.81.212.16,湖南省,2025-09-29 03:18:26,jd.com,361043,9683c992-d50c-4c33-8a66-8943b2d58f03,Chrome,ios,399
22414,76.215.27.249,青海省,2025-07-27 22:09:05,xiaohongshu.com,495245,048c49d3-8301-4234-a910-869342122152,Chrome,macOS,16
22415,176.142.40.81,甘肃省,2025-06-30 20:36:10,xiaohongshu.com,561116,4740a2a8-b249-4409-97e2-f0c5c8bb46fc,Chrome,ios,517
22416,143.148.170.177,宁夏回族自治区,2025-08-29 23:13:49,aliyun.com,329641,8052c9c7-e9ad-47a5-beb6-74e4e2db8342,Edge,linux,489
22417,3.228.154.225,上海市,2025-04-12 09:35:03,qq.com,770548,62d775da-2928-4013-8191-8b1bf800bc34,Firefox,macOS,441
22418,10.208.230.132,青海省,2025-11-29 07:57:19,github.com,800953,041ba5a5-1486-40c7-9aa9-ffafff972798,Firefox,macOS,407
22419,55.187.43.83,山东省,2025-05-24 15:46:55,xiaohongshu.com,747903,7fba8fbb-8674-476d-b8c2-d5cdba411142,Firefox,安卓,375
22420,77.58.155.110,吉林省,2025-03-20 19:36:10,jd.com,924947,540e335d-a879-4807-830d-b51d954dfee5,Edge,linux,85
22421,15.31.90.84,西藏自治区,2025-09-04 10:52:07,baidu.com,936855,1cfc4e90-c569-4991-9526-e0eea818d38e,Chrome,安卓,285
22422,90.53.59.6,陕西省,2025-05-31 16:48:07,taobao.com,285850,aaf4462d-e48a-4a45-a245-14d068d17a3f,Edge,win,13
22423,60.52.133.221,云南省,2025-03-19 22:17:59,github.com,866966,4b5bf9df-fa35-4195-8c09-2df205273936,Chrome,macOS,7
22424,193.189.27.164,新疆维吾尔自治区,2025-02-02 05:48:47,jd.com,968143,11fc3d56-ce21-4da6-bfd5-b38a3d12349b,Chrome,macOS,260
22425,92.106.116.7,黑龙江省,2025-04-24 20:01:34,douyin.com,480407,0d3ac6ad-9ce3-47a2-9505-3b6ad656480b,Firefox,linux,415
22426,56.192.65.114,山东省,2025-06-06 07:16:35,aliyun.com,695542,0982154a-6bd5-447b-a36c-a157e38d3c7c,Edge,linux,296
22427,76.151.239.254,香港特别行政区,2025-08-18 18:11:31,douyin.com,598817,b64e4da7-263c-4744-9e8c-e31614c0f822,Chrome,linux,43
22428,206.158.94.218,山西省,2025-04-29 04:58:24,weibo.com,497771,01df4cf8-06ec-42ef-9823-4a24f811ebaa,Firefox,linux,541
22429,197.80.78.145,广东省,2025-06-15 01:13:52,github.com,973571,d048d554-9eb1-4d74-b99e-fab30c31b5a4,Safari,macOS,493
22430,160.201.152.43,福建省,2025-09-13 10:12:18,jd.com,741642,27c12318-859e-4b63-b113-53b639272d1e,Safari,macOS,370
22431,199.60.15.153,浙江省,2025-07-12 15:25:04,weibo.com,821034,10dea2be-32a3-4d21-a6f0-80d65cc0f4bd,Firefox,ios,441
22432,20.56.53.181,河南省,2025-03-30 13:58:55,aliyun.com,459893,204a49e5-0e07-450d-a81c-e8a4f0cf4844,Chrome,linux,512
22433,152.74.114.4,广西壮族自治区,2025-01-01 02:49:26,baidu.com,808333,7c47f80a-9319-42c8-9a59-079c9fb4ae26,Safari,linux,515
22434,53.108.218.32,江西省,2025-07-10 07:45:22,weibo.com,685042,dec3fcfe-e044-4310-8e0f-5ad34e471e7e,Edge,linux,249
22435,18.195.238.37,山西省,2025-08-02 17:32:19,douyin.com,898546,894a6722-9900-4969-bf80-f0c5f512033d,Firefox,macOS,129
22436,123.200.60.137,黑龙江省,2025-02-13 10:59:57,github.com,165420,1f8686cb-b6b6-442b-92f8-c98d9ac7a920,Safari,linux,125
22437,67.35.218.104,浙江省,2025-08-20 14:23:14,jd.com,175295,98165afc-21d7-4c39-9c71-1ea883a6b1ef,Safari,安卓,276
22438,25.239.64.140,河北省,2025-06-27 04:38:58,bilibili.com,531140,31f755fd-218b-4e6c-970c-aa79467c4f2c,Firefox,macOS,488
22439,123.149.185.147,天津市,2025-06-13 21:22:14,weibo.com,733522,90d76ec4-7aa2-4e3d-b80e-8ad3866a211f,Chrome,linux,449
22440,162.92.224.114,上海市,2025-12-21 12:19:12,taobao.com,539226,a8eb969d-0b0f-4182-a607-16dfaa423b00,Safari,macOS,142
22441,94.117.71.61,新疆维吾尔自治区,2025-02-15 03:47:36,xiaohongshu.com,868702,1bfaecb0-0d0d-40dc-9ec3-84e6fb91fd9c,Firefox,macOS,393
22442,112.23.24.113,黑龙江省,2025-03-23 22:47:51,qq.com,240674,a5434bb9-d2b5-4163-af1b-e3fab3b78d3b,Firefox,安卓,560
22443,122.214.62.248,湖南省,2025-12-06 18:00:57,bilibili.com,138048,4dd3d041-70fc-4553-a34e-abbdff15a847,Firefox,macOS,226
22444,19.245.253.186,重庆市,2025-11-10 06:22:40,xiaohongshu.com,967521,40d93928-1ff1-4414-9585-405e12f60645,Safari,linux,527
22445,218.158.55.41,广西壮族自治区,2025-05-14 02:01:15,qq.com,650893,d6c01688-1ad6-4eeb-8f9c-0670fce440bd,Chrome,macOS,334
22446,126.215.36.122,香港特别行政区,2025-05-02 00:34:52,baidu.com,872022,09230e54-356c-4ffd-914d-1492e3f94904,Chrome,win,333
22447,133.246.101.231,陕西省,2025-02-12 17:45:55,weibo.com,406142,76a50b06-2f7f-433c-b161-8d3a2134b6c2,Edge,安卓,577
22448,40.154.226.75,重庆市,2025-06-18 14:42:09,taobao.com,383206,417bb728-89ae-4e95-9b03-9e9d6687325a,Chrome,macOS,20
22449,42.255.11.66,澳门特别行政区,2025-01-15 15:13:16,jd.com,831333,0e0c90f7-f623-478d-bca5-da563464c987,Chrome,win,197
22450,90.230.78.211,陕西省,2025-06-20 19:58:13,jd.com,548414,06a11db6-4b37-4336-81bc-8c9c513012cc,Safari,macOS,563
22451,98.101.125.58,北京市,2025-03-11 09:49:25,aliyun.com,433316,f476ae13-3027-40f5-bb11-026facebe231,Chrome,win,194
22452,71.207.141.228,内蒙古自治区,2025-01-28 23:37:14,jd.com,806474,1b258dca-992c-487d-9293-1271275e158e,Edge,win,179
22453,33.86.218.24,香港特别行政区,2025-03-22 03:11:40,github.com,163130,69d8ef5f-f7da-4bb7-89f7-d8e022ba83c3,Chrome,ios,416
22454,46.207.1.32,河南省,2025-05-20 02:09:56,github.com,867534,3e710daa-ad35-46cc-8fcf-cba1ea95c001,Chrome,win,99
22455,65.20.80.141,湖南省,2025-08-24 20:55:59,jd.com,320397,b4f27a74-ea1f-41d9-b53c-e0ce0aabd1a2,Edge,win,163
22456,147.14.148.60,江西省,2025-07-15 11:30:04,xiaohongshu.com,828407,d8dd136d-11c6-49a0-ba28-1f8a71a9a6a0,Chrome,安卓,388
22457,84.5.107.113,湖北省,2025-06-24 04:49:19,taobao.com,880751,239cf3f6-6f37-4a15-9e39-d695c166af2b,Edge,安卓,335
22458,95.67.171.172,海南省,2025-06-01 14:19:48,jd.com,298218,c88bf5f2-21ee-4726-86b6-8a2edd8f0ebd,Safari,ios,430
22459,114.128.150.186,湖北省,2025-12-15 13:54:48,weibo.com,396377,c30abdfb-4a30-4cb2-8481-f28af4e5e308,Firefox,安卓,190
22460,105.244.101.23,山西省,2025-10-13 04:53:48,douyin.com,571136,fbec15e9-521f-4dc8-8c32-3013c547be8b,Chrome,安卓,327
22461,6.66.161.62,香港特别行政区,2025-03-11 12:03:20,jd.com,104912,c264daf8-a07c-42ac-8674-684041ec4a71,Chrome,win,386
22462,218.235.231.97,河北省,2025-08-05 00:53:39,qq.com,716241,87f3f005-538a-4c35-a99b-6cba719938fb,Edge,安卓,114
22463,65.212.89.139,浙江省,2025-05-18 18:44:10,weibo.com,660325,e31dbaf8-238b-4451-8816-026dd94ba544,Firefox,win,92
22464,187.54.39.238,台湾省,2025-06-28 13:11:05,taobao.com,380792,012555cf-eeaf-419c-bfde-65fd11ab138b,Edge,linux,548
22465,156.165.172.54,江苏省,2025-10-22 04:28:55,aliyun.com,128254,8e31a9cc-5ec3-4836-8af3-618921fb3658,Safari,win,563
22466,106.56.197.225,湖南省,2025-06-21 22:02:24,github.com,453229,fe490f3f-e1e2-4e0e-a7eb-9a4a474494b6,Edge,win,76
22467,209.136.92.242,吉林省,2025-06-25 11:00:29,xiaohongshu.com,806998,c7ba53e0-1444-46c2-9ef0-0cbc09e7e328,Firefox,linux,58
22468,54.127.156.18,海南省,2025-01-18 01:48:45,weibo.com,932853,7e99f12f-369d-4c86-ba85-59c4658f2f45,Chrome,win,496
22469,156.120.222.2,安徽省,2025-08-08 05:46:03,weibo.com,119090,801be4d5-c8be-44b4-ba07-06774c5cc5f0,Firefox,macOS,139
22470,27.250.110.51,云南省,2025-04-22 18:09:41,bilibili.com,145754,c2badb7a-b427-495b-a333-4398260d3cb7,Safari,安卓,372
22471,203.114.169.177,西藏自治区,2025-02-04 03:18:18,bilibili.com,483791,96fd54db-294e-4695-97c9-58b071fd44bc,Chrome,安卓,300
22472,206.35.194.240,安徽省,2025-01-09 15:41:38,jd.com,623998,f506397e-dad0-4372-91da-f807962e4f5b,Firefox,安卓,40
22473,129.170.26.246,河北省,2025-10-21 09:20:57,taobao.com,459872,bbc78a4f-fd4f-49fb-a004-fd5e10c23cd3,Chrome,linux,576
22474,95.108.72.167,广东省,2025-01-31 02:27:49,qq.com,413916,9f0ae53c-c284-4328-b1c3-7e925b735fbf,Edge,安卓,280
22475,200.93.9.66,新疆维吾尔自治区,2025-11-22 17:50:00,jd.com,555114,84f6bb15-ece8-428e-bd10-add5940f2a54,Chrome,安卓,546
22476,145.38.204.58,香港特别行政区,2025-07-26 20:16:31,aliyun.com,723123,44b0e9d7-5aa4-46f0-9f94-44011f2ded22,Firefox,linux,339
22477,6.195.99.216,青海省,2025-10-02 18:34:02,qq.com,843495,7400749b-752d-4e2c-bc1d-ee2b982501ca,Firefox,win,235
22478,123.68.191.202,江苏省,2025-04-20 19:32:51,bilibili.com,819859,86ce942b-0a4e-4cbf-beb3-bcea6509286f,Chrome,安卓,155
22479,88.16.130.176,香港特别行政区,2025-09-10 14:20:22,taobao.com,187464,c1de45d8-b288-46f6-836a-9d9fadf992c3,Firefox,win,414
22480,122.66.125.81,重庆市,2025-02-24 19:09:18,jd.com,559279,0b2ccffe-a925-4a2e-b238-a94095737fac,Edge,ios,337
22481,164.154.133.49,香港特别行政区,2025-03-24 14:42:20,jd.com,321218,35fa97c6-9c48-433e-bf7e-3beb3fd7fde5,Safari,macOS,71
22482,161.85.187.90,宁夏回族自治区,2025-06-22 20:33:37,douyin.com,658424,27ea1434-2a51-482c-b975-dcf75fb1d716,Firefox,ios,73
22483,46.43.11.45,海南省,2025-08-18 21:17:26,github.com,997651,a40aebc3-64ce-42cd-83b2-2409fb0b47da,Chrome,win,410
22484,41.172.205.105,浙江省,2025-06-27 03:09:52,xiaohongshu.com,640634,3b8bf7c6-8357-46c3-89d4-57e20b582a5f,Edge,macOS,433
22485,42.152.92.77,天津市,2025-07-25 14:26:21,bilibili.com,431512,5f24409d-9be1-4992-be7f-703c616d7fa2,Edge,win,580
22486,119.143.134.212,山西省,2025-05-09 04:35:20,taobao.com,583416,e0383c1c-8986-4fb7-8fb6-516627a23dca,Chrome,macOS,123
22487,7.141.185.178,澳门特别行政区,2025-09-07 12:01:11,bilibili.com,650997,786b127d-62e1-48de-ba87-9a6a68e7ae80,Firefox,linux,161
22488,3.251.241.10,湖南省,2025-08-17 22:34:12,github.com,350324,f4a5daa4-8d85-484f-9974-bcafa23212a0,Firefox,win,446
22489,190.81.67.247,吉林省,2025-07-05 08:41:19,xiaohongshu.com,153130,59efa21b-f2d2-43b9-80a1-1fd10ef36bd5,Chrome,win,289
22490,48.11.51.118,云南省,2025-09-13 02:35:59,github.com,256235,30dedef5-1a53-4e67-a8af-be300853afa5,Safari,linux,189
22491,76.54.107.36,重庆市,2025-08-30 00:13:22,douyin.com,915057,920575b8-bd95-43b6-a9af-be733b18e70d,Chrome,macOS,360
22492,193.102.37.204,安徽省,2025-08-12 06:34:36,qq.com,254162,a820b81f-d8f9-40ae-a95e-51fb4935e238,Firefox,win,592
22493,165.126.228.180,辽宁省,2025-01-08 19:24:50,taobao.com,289477,cf79a75b-121f-45bc-9f79-0f8d280d0b01,Edge,ios,489
22494,85.27.231.168,山西省,2025-10-07 18:50:46,taobao.com,975088,1d0ccac8-244d-4725-992c-9de93754d6b9,Chrome,win,35
22495,10.131.98.42,广东省,2025-01-15 02:19:59,xiaohongshu.com,104073,ebf98dca-d3d7-4cf9-b04c-040a66aab35d,Edge,ios,127
22496,167.119.242.223,澳门特别行政区,2025-02-07 09:55:48,baidu.com,989318,a3a984de-d052-4b6a-93e2-93283785b005,Firefox,安卓,301
22497,178.231.71.119,陕西省,2025-05-01 16:57:06,qq.com,456212,86be76a5-fac8-4ffb-91d7-3533382735bc,Chrome,macOS,250
22498,179.171.219.88,天津市,2025-08-22 14:02:30,github.com,596518,f7468b43-b82d-4296-b224-006aee84862e,Edge,win,527
22499,146.132.82.254,台湾省,2025-06-06 07:08:40,bilibili.com,827709,21959f98-b497-43d6-9911-45394fb782cc,Firefox,win,435
22500,197.26.228.214,辽宁省,2025-04-27 07:45:53,jd.com,407352,0fe4507e-7ff5-4ca8-8049-613e693a5138,Edge,linux,131
22501,45.147.249.197,辽宁省,2025-11-18 14:08:17,github.com,298847,b1442fb7-9dc7-455e-ab54-bbd798191a0b,Firefox,win,543
22502,106.41.54.176,浙江省,2025-05-14 13:41:40,bilibili.com,752593,5929949c-1a06-4034-bd1e-326e201767c4,Firefox,win,582
22503,163.170.185.36,上海市,2025-05-09 03:55:46,baidu.com,908744,092fc9c8-d34a-4578-b177-032ca4b800f1,Safari,安卓,230
22504,193.135.229.136,江西省,2025-12-16 01:40:10,baidu.com,977788,89855cfd-91b7-46d5-9bc6-8ff9d9014222,Edge,macOS,155
22505,111.81.71.180,山西省,2025-03-16 19:13:42,aliyun.com,935284,088ca37a-0c58-48c8-9203-955fafeaba4e,Edge,win,123
22506,187.169.148.82,陕西省,2025-05-22 07:41:32,taobao.com,820240,914a77b2-768a-4f4a-8ca9-e7a51b8ad51c,Chrome,ios,397
22507,7.85.85.156,上海市,2025-02-02 05:44:56,taobao.com,180904,d55d4e43-5e94-4b10-a450-c2d64242a4f0,Edge,ios,239
22508,44.103.17.161,重庆市,2025-01-07 13:37:33,aliyun.com,257128,84bf026d-5b41-4e30-ab5e-fa205d4a8a80,Edge,ios,398
22509,39.166.196.37,江苏省,2025-06-01 17:50:52,taobao.com,974088,32a025cf-56cf-43dc-9f59-49e5ecccfa94,Chrome,ios,542
22510,8.202.61.250,山西省,2025-10-23 18:00:55,aliyun.com,634249,5d00c99b-04ae-40f5-b473-9b6dd7a5d10c,Safari,ios,184
22511,82.138.176.249,河南省,2025-11-18 19:50:46,weibo.com,822600,61bf0baa-59c7-4e0f-bc20-ae0b341c4006,Firefox,linux,201
22512,132.149.137.29,海南省,2025-07-11 01:21:48,jd.com,684288,88ba7c2e-624b-4bda-a90b-7532f12c950b,Safari,macOS,56
22513,154.220.232.242,湖南省,2025-02-18 22:40:14,taobao.com,409750,09fdb101-4092-43a8-a53b-f15906ba51c7,Safari,安卓,135
22514,68.125.152.29,新疆维吾尔自治区,2025-01-16 16:32:50,aliyun.com,892995,b2c4983a-6e21-4dec-a48a-718411cad901,Edge,win,298
22515,21.57.67.78,新疆维吾尔自治区,2025-07-22 14:36:41,bilibili.com,960395,e21557d9-b3ff-4f94-bfe4-a1c10cfcaaf5,Edge,linux,258
22516,101.10.102.72,澳门特别行政区,2025-05-28 02:45:09,weibo.com,332872,493f6685-511b-49be-9f48-b384674e6a6b,Firefox,win,502
22517,178.33.59.147,香港特别行政区,2025-11-20 14:54:17,aliyun.com,334716,9b775d5e-a799-4b9d-84b8-243812cb774c,Edge,macOS,409
22518,219.173.167.130,天津市,2025-01-28 00:27:09,aliyun.com,190552,9b81738b-1192-42c2-9f4b-4a6c308a35fe,Firefox,安卓,459
22519,164.190.42.204,山东省,2025-06-23 03:17:40,qq.com,469971,86b58a41-6e61-4ad4-9e77-c210b8c4c86f,Safari,ios,248
22520,223.233.254.39,陕西省,2025-03-19 08:38:53,github.com,379404,2b5c4164-e2f5-40d7-909c-fc40da3301bf,Firefox,linux,357
22521,22.167.85.119,贵州省,2025-03-30 11:59:44,taobao.com,957364,13005055-d8ae-4842-8efa-ab18a0de0d4d,Edge,安卓,454
22522,112.252.210.50,湖北省,2025-10-11 16:52:21,taobao.com,597475,3d449a52-65ec-48d2-89a1-7d2689e14598,Chrome,macOS,326
22523,216.248.209.225,河北省,2025-07-05 01:06:37,qq.com,188440,7e5a00d1-33d5-4820-a870-3bcf507b6ffa,Chrome,win,105
22524,3.237.33.68,广西壮族自治区,2025-01-13 15:04:01,baidu.com,245989,ae775053-e047-42e9-94bb-7745b9f55c24,Safari,安卓,349
22525,105.68.116.153,重庆市,2025-09-18 22:36:42,bilibili.com,934399,9d39e642-d559-4e45-be52-a1d1f2e14e7b,Firefox,ios,574
22526,135.153.112.12,新疆维吾尔自治区,2025-12-18 11:19:56,weibo.com,575810,e47b5120-6bd5-47ea-a3fc-4ee5b28fb671,Firefox,linux,454
22527,49.115.76.101,安徽省,2025-05-30 17:30:19,bilibili.com,588418,d5d8bafb-65d5-4ebd-9bbc-66572b3da5c4,Firefox,macOS,479
22528,219.220.153.27,吉林省,2025-07-30 04:30:16,github.com,802821,fdd29be2-b15a-4d55-b672-277d1b1677ca,Edge,ios,410
22529,199.122.122.139,西藏自治区,2025-02-18 23:50:19,taobao.com,828494,754faf24-60e6-4a6c-a839-772408baf17b,Firefox,安卓,142
22530,209.223.114.95,香港特别行政区,2025-10-28 19:50:06,bilibili.com,628463,b2bb5e58-729b-4d5f-9706-cfe3f38e7fd3,Chrome,win,573
22531,52.141.18.128,甘肃省,2025-05-24 00:25:57,douyin.com,611329,5ac78fb2-a0cf-45af-8d7b-a8cefe35a2e6,Safari,ios,114
22532,139.211.154.42,云南省,2025-08-26 14:09:56,jd.com,717342,3ceb265a-ed0d-42d2-80d4-e98f726567f6,Firefox,ios,503
22533,3.199.138.62,湖北省,2025-08-08 17:24:00,jd.com,176342,374716dd-1aa5-45e9-92e9-fca5afc0430c,Chrome,linux,25
22534,163.34.133.114,山东省,2025-03-31 06:48:25,xiaohongshu.com,224560,f1d06e3a-cbdb-4e04-9496-e899bb9c51b6,Safari,linux,554
22535,140.82.8.41,西藏自治区,2025-10-09 08:57:23,baidu.com,203565,718f13b1-a393-484f-8823-0009ca12f5c5,Safari,linux,221
22536,148.219.216.108,福建省,2025-05-29 13:37:19,baidu.com,603668,3bc73e20-dc8d-46fe-a15a-c341af29587e,Firefox,macOS,349
22537,216.137.149.38,海南省,2025-03-18 04:14:27,jd.com,192454,25638fa1-539c-41cc-871f-1ed1c45ca40a,Edge,安卓,348
22538,107.239.240.218,内蒙古自治区,2025-05-28 23:29:40,baidu.com,417005,3d2dd9f9-6c12-4006-9291-e4a7df5f34e6,Edge,linux,481
22539,86.6.103.16,江苏省,2025-06-06 10:24:38,xiaohongshu.com,649221,1ccf737c-ebcd-484a-9c87-82abb2bc9d9e,Firefox,ios,213
22540,218.24.188.220,浙江省,2025-03-18 04:26:51,weibo.com,953676,314ced15-9dfd-4422-a7e1-b4114a11e24d,Edge,macOS,115
22541,151.67.57.116,海南省,2025-10-20 06:12:32,github.com,194695,885dd74f-38a8-47c3-925b-4569b6294633,Safari,linux,450
22542,116.31.226.247,辽宁省,2025-09-30 17:09:08,douyin.com,940361,a2146d53-ac78-4bc6-98c0-75293791a538,Chrome,安卓,380
22543,182.253.206.37,江西省,2025-02-02 20:09:44,baidu.com,315013,078337e3-37a8-4546-9dc9-db479d76b4c2,Edge,win,184
22544,114.128.210.52,西藏自治区,2025-08-21 01:52:40,xiaohongshu.com,813772,50bb9b32-70c0-4c75-bb24-f014005117bf,Edge,win,87
22545,178.185.136.117,河南省,2025-01-23 22:02:15,douyin.com,881099,9edbef57-7d30-47c2-a1c5-894a295b3e2e,Chrome,win,297
22546,27.170.3.144,云南省,2025-08-12 08:06:46,github.com,922593,82b9a5c3-2052-45a8-8674-8c151820802a,Edge,win,574
22547,220.12.78.148,贵州省,2025-05-19 07:24:46,taobao.com,155827,60c0b20c-b771-41e5-a2b3-ad323dc2ac00,Safari,linux,37
22548,33.0.133.192,河北省,2025-06-11 15:00:20,douyin.com,560957,281bc532-d659-4515-9cdd-10a2798f2f84,Safari,安卓,261
22549,60.61.103.213,辽宁省,2025-09-26 04:20:25,bilibili.com,178532,3c849c83-30a8-4380-8c0c-930a93d426a3,Firefox,ios,158
22550,53.233.203.143,青海省,2025-10-31 14:51:49,xiaohongshu.com,482270,288c3a7a-c102-4a42-a3df-488646f49bb0,Safari,win,467
22551,183.252.74.41,青海省,2025-12-13 18:45:03,xiaohongshu.com,264491,b3b013b6-f7fd-4b7e-b90d-889fa5f696de,Firefox,ios,598
22552,10.171.81.188,陕西省,2025-03-22 08:48:52,taobao.com,538874,fbd3f18a-b79a-4e68-97ce-3049830cd03f,Firefox,win,480
22553,36.91.76.24,河南省,2025-05-17 16:32:52,github.com,563604,1350e55c-4bad-4782-8cbe-9b67dad2e2ff,Safari,win,153
22554,189.44.58.63,湖南省,2025-02-26 22:23:10,weibo.com,381080,d0e66c75-2aa7-4184-858e-aa453fee347d,Edge,win,131
22555,110.65.37.213,广东省,2025-07-22 00:51:44,taobao.com,725526,afdc74d5-b615-4823-9149-54ea535f54ed,Chrome,安卓,538
22556,203.234.57.24,福建省,2025-06-10 16:00:11,jd.com,846961,bf6cc153-dbe8-48bc-b5e4-2ea277dcc31f,Edge,macOS,184
22557,90.203.73.239,香港特别行政区,2025-05-11 20:55:40,github.com,308605,8d6bc9b3-e844-4f03-b70e-b40f6741c2f7,Firefox,ios,257
22558,85.156.227.4,河南省,2025-09-22 09:14:32,taobao.com,678724,5818bc56-3c2b-4a2a-b7de-8337f3213983,Edge,macOS,563
22559,129.169.198.150,贵州省,2025-02-03 14:03:05,xiaohongshu.com,954465,643d8540-d314-4b22-afb3-4ccd3c46a21f,Safari,macOS,444
22560,34.44.163.79,广西壮族自治区,2025-10-11 06:20:12,baidu.com,876764,ee0c4661-ee6c-43cc-8364-9a7b63ce713b,Edge,安卓,411
22561,168.151.225.31,山东省,2025-11-28 21:46:37,xiaohongshu.com,508966,76d60402-785c-497b-94fe-2939e6a4212c,Firefox,ios,342
22562,212.14.198.32,江苏省,2025-07-23 10:02:52,github.com,114577,f16eceb3-410f-42d0-85ec-b36570f315d3,Edge,macOS,80
22563,90.26.232.247,福建省,2025-08-24 12:15:52,aliyun.com,508177,bb9ea155-77d1-4c5e-8300-7c74e6efb9cf,Safari,linux,354
22564,223.141.173.99,北京市,2025-02-02 04:15:23,bilibili.com,331261,79d0cf23-53dd-45c1-af80-cd40afc30157,Chrome,win,485
22565,92.173.244.27,湖北省,2025-05-19 20:18:24,github.com,199324,84d9430a-38c4-41bb-872c-f7ae74ed2e80,Safari,win,201
22566,7.215.26.110,广东省,2025-09-19 23:19:43,github.com,724565,2c51ca6f-6e47-4c56-8a99-b86404d87048,Safari,linux,466
22567,120.179.215.111,内蒙古自治区,2025-10-25 00:19:53,bilibili.com,944761,ba0ac897-6e7d-4c59-b837-727875cf047a,Safari,安卓,214
22568,80.124.79.173,河南省,2025-04-04 03:31:49,github.com,318488,aa55f106-b558-48ff-92c5-6552e93546a6,Edge,win,283
22569,193.79.222.229,吉林省,2025-10-10 14:45:32,weibo.com,387484,1898095e-8b9b-4485-b7c9-8b4067304706,Edge,安卓,493
22570,149.221.237.169,福建省,2025-02-08 10:54:39,github.com,737474,96240896-dc24-44b7-b3fe-149f0d58a9ae,Firefox,win,229
22571,195.106.1.25,贵州省,2025-10-30 16:00:28,github.com,383910,34880c1e-be46-4f43-adbd-4df8ebee1d60,Edge,安卓,164
22572,177.189.69.156,台湾省,2025-06-11 15:09:12,douyin.com,427654,3045b4e8-cc31-418b-b2da-082dd4d84533,Firefox,ios,298
22573,6.106.161.27,湖南省,2025-10-22 23:06:14,douyin.com,694600,12d08858-4ce9-404d-94e7-44b2d4de9ec2,Edge,linux,543
22574,176.151.248.48,湖南省,2025-08-21 23:37:27,aliyun.com,417176,5b5867a1-e8bc-4104-8b65-af64ab1c19ef,Safari,ios,237
22575,50.68.184.67,新疆维吾尔自治区,2025-08-24 21:28:41,xiaohongshu.com,469651,82fac319-411b-4cfb-b0d6-5bea1a2d243a,Safari,安卓,559
22576,221.33.138.190,黑龙江省,2025-03-04 07:34:59,bilibili.com,701624,854a9775-f3d0-4768-bc84-ea1ca5ee67fc,Chrome,ios,185
22577,117.158.100.149,贵州省,2025-08-21 03:00:35,taobao.com,619892,4c79b957-e6e3-41d7-87bb-8c0ffd00e630,Edge,macOS,338
22578,166.146.78.2,吉林省,2025-03-09 21:03:31,jd.com,464178,b477a840-d8d2-4274-bd52-b3a574c2fea0,Firefox,win,399
22579,157.229.21.124,四川省,2025-02-19 08:57:20,qq.com,627189,74ad083b-6b75-4464-a42f-53a203de4cd2,Firefox,安卓,544
22580,216.49.188.7,上海市,2025-02-11 22:34:44,taobao.com,842278,9bd4355f-8dc0-45ff-98d9-a6b91b97337b,Chrome,linux,73
22581,75.208.241.143,台湾省,2025-05-06 22:24:46,bilibili.com,128995,a2cbb0fe-4f3e-457b-a915-58964eaf6d5e,Safari,安卓,398
22582,187.13.119.23,广东省,2025-05-11 13:22:03,xiaohongshu.com,884873,2632936b-0c5d-4248-8042-6a9d8f296d98,Firefox,linux,514
22583,214.214.8.69,湖北省,2025-06-04 01:52:06,github.com,404265,d4c84da1-a1ad-431b-a27c-6213409edbb9,Firefox,win,540
22584,201.158.104.1,新疆维吾尔自治区,2025-10-13 01:58:12,xiaohongshu.com,340682,c3304cba-332d-4d01-bd5b-7d1b96387379,Firefox,win,514
22585,217.201.110.34,安徽省,2025-11-28 21:07:18,aliyun.com,532722,53c7e9d2-51be-426c-adf6-466240f9e0bb,Chrome,macOS,517
22586,18.30.11.35,陕西省,2025-09-08 18:21:45,jd.com,197787,615452e9-4e3a-4d18-84e7-56e20f89e7a2,Firefox,linux,79
22587,109.169.28.222,海南省,2025-02-27 22:43:47,weibo.com,260910,aeba3f4e-39bd-4a21-9c9e-825a66b61ee1,Firefox,安卓,148
22588,50.100.103.177,山西省,2025-02-01 04:39:31,github.com,203625,b62e1a51-7c0f-40fb-b25c-a844ba5e3c8e,Firefox,macOS,67
22589,66.73.22.171,广东省,2025-12-30 16:31:25,qq.com,132422,e38eb1b4-d0bc-40ae-bb88-b9213d4aee58,Firefox,win,476
22590,98.181.75.85,台湾省,2025-05-25 14:15:17,qq.com,154808,7dbd6a54-02a3-40a5-ac8a-c34c293bf745,Edge,macOS,358
22591,198.216.162.94,海南省,2025-10-09 14:42:55,baidu.com,416776,bf53e51e-3bf4-414b-b347-f48df5b5bf3a,Firefox,macOS,156
22592,20.32.39.152,重庆市,2025-12-26 22:33:26,qq.com,935648,3e77a655-42eb-4a31-a38f-b4c794060360,Firefox,安卓,474
22593,83.175.173.127,广西壮族自治区,2025-09-21 21:42:06,bilibili.com,684912,bb9e39fc-4930-45ad-8570-f50a9fdae274,Firefox,安卓,444
22594,153.181.131.73,上海市,2025-07-23 19:26:21,douyin.com,819179,cbf33be9-d969-438e-a013-bfb7c9b96c2e,Safari,macOS,271
22595,95.61.228.37,重庆市,2025-05-20 12:18:58,douyin.com,111916,9e34fddc-bb0b-40a7-b880-29c0ece0e335,Safari,安卓,461
22596,172.206.137.136,甘肃省,2025-10-18 06:49:11,jd.com,783454,e85146a0-4718-430b-8b35-f477bf99d115,Chrome,win,285
22597,100.44.91.27,湖北省,2025-05-27 15:54:37,xiaohongshu.com,119140,25d8cb32-977a-4523-a5de-0ee244477fdf,Firefox,ios,523
22598,60.93.50.142,吉林省,2025-02-16 10:12:22,douyin.com,316320,097d2813-86d5-423f-8115-94282b444863,Safari,安卓,24
22599,74.13.255.97,吉林省,2025-10-19 23:13:15,github.com,367349,6cc64a8c-7f9b-4cb3-af02-f54056dcebab,Edge,linux,582
22600,17.221.178.247,四川省,2025-09-20 05:46:44,aliyun.com,718501,32f8ee45-938d-4200-9dd3-c2cb1f44ea0a,Firefox,安卓,417
22601,71.197.201.19,山东省,2025-11-18 13:16:47,github.com,970512,20138af3-f17e-4f4e-9dfe-ce010f9d7ff9,Safari,linux,360
22602,91.35.211.145,黑龙江省,2025-08-06 09:07:03,xiaohongshu.com,565406,95344007-bca2-4153-88e4-d20304ddc1ac,Firefox,win,437
22603,97.45.71.199,重庆市,2025-07-12 02:18:01,aliyun.com,874110,c34e0004-1235-4fd9-9dba-45a6ee73bc01,Edge,安卓,144
22604,146.134.112.104,宁夏回族自治区,2025-01-05 09:11:57,github.com,979496,3f0dc72c-62eb-479f-b006-0069305da7b1,Firefox,macOS,387
22605,12.62.159.127,广西壮族自治区,2025-07-08 12:03:45,bilibili.com,341926,95ffc0dc-04be-4e83-9b1c-8a58b6d83161,Edge,linux,201
22606,197.152.24.26,天津市,2025-04-29 11:52:46,taobao.com,543206,406edd17-7e76-431f-872b-e86c15d807ea,Safari,macOS,526
22607,16.84.44.11,河南省,2025-07-23 03:40:52,baidu.com,787499,9c5ee9fc-b27e-4e31-b03a-65a47530d99e,Chrome,ios,43
22608,25.153.72.205,河北省,2025-08-22 20:16:55,xiaohongshu.com,881717,9c9d4f0c-8581-4204-82c3-380ff460995b,Edge,安卓,84
22609,92.247.223.136,四川省,2025-05-11 19:29:28,aliyun.com,154244,a6892bb6-a677-40d7-b44c-ad5b30f58be8,Safari,macOS,175
22610,138.179.243.49,河北省,2025-05-16 12:33:15,jd.com,249125,943e9715-2de7-4b1e-a67d-088c23fa4134,Firefox,安卓,364
22611,182.189.161.7,天津市,2025-01-05 01:14:33,jd.com,306439,f6049102-5468-449a-8d60-5eafdd654977,Firefox,win,506
22612,70.130.35.68,上海市,2025-01-06 05:08:19,weibo.com,881973,1a2063c5-5a8a-4cab-a24b-47e2d99db66d,Safari,安卓,303
22613,36.170.131.93,内蒙古自治区,2025-09-17 01:15:45,taobao.com,367601,d7c222bc-ef26-44db-af10-40a0a20ad38f,Chrome,macOS,136
22614,141.103.10.49,新疆维吾尔自治区,2025-11-04 14:06:32,douyin.com,256161,31fdd0ab-d84e-4c0d-b4c4-95f777674495,Edge,linux,308
22615,108.66.226.75,北京市,2025-09-23 10:22:26,baidu.com,539811,f5e036dc-ef2f-4ece-9ab6-5491163f3274,Firefox,linux,272
22616,11.248.91.140,山西省,2025-04-16 19:44:09,aliyun.com,858047,4227b9c7-2eb3-419b-8eb1-e9367b01f676,Edge,安卓,8
22617,74.210.103.202,新疆维吾尔自治区,2025-10-06 06:20:06,baidu.com,823304,a773a683-5538-4ac7-baff-89ea7190dce6,Firefox,macOS,418
22618,125.87.203.157,陕西省,2025-12-03 08:20:55,douyin.com,538470,1f6ed898-3ee3-4bd9-9f6b-06c818656792,Edge,ios,324
22619,82.106.154.107,广西壮族自治区,2025-07-30 16:30:48,taobao.com,327432,e29c607b-47bb-487c-ab9e-f8960e595f7d,Firefox,macOS,493
22620,105.229.218.123,重庆市,2025-11-18 02:17:33,jd.com,140238,22caed80-0c83-4063-a2c4-baa0bdf3e5df,Edge,linux,79
22621,220.109.115.173,贵州省,2025-10-25 16:07:24,xiaohongshu.com,314641,8b7611f9-2b99-48d3-9641-c0b2f749cb16,Safari,linux,448
22622,99.150.102.32,山西省,2025-08-11 10:14:47,xiaohongshu.com,868998,14177bca-d416-4cde-8402-afbc2f3ec0a2,Firefox,ios,79
22623,183.167.218.156,青海省,2025-07-08 12:27:38,qq.com,697299,85e8b9ad-463b-47aa-a588-912c17f7e6ca,Edge,win,324
22624,3.36.137.153,湖北省,2025-07-10 18:04:33,weibo.com,613986,92f37649-8809-4888-87f3-7da34174a4f9,Safari,win,414
22625,111.126.96.159,澳门特别行政区,2025-12-20 13:48:18,xiaohongshu.com,981219,5e2f1c69-3063-48d7-b4e5-c870cafb7169,Firefox,win,119
22626,178.30.154.129,吉林省,2025-01-29 13:12:00,bilibili.com,610876,03c71c04-4745-4955-addb-76b7159a51dc,Edge,安卓,478
22627,135.192.63.103,青海省,2025-04-19 05:36:16,taobao.com,947513,9340e203-4100-492f-baec-caf8f32bc86c,Firefox,macOS,394
22628,202.188.222.183,广西壮族自治区,2025-11-08 15:31:58,aliyun.com,391150,5e381872-c3a9-46de-bde9-3addb281f2c3,Safari,安卓,131
22629,126.53.81.47,吉林省,2025-01-26 19:23:12,weibo.com,573326,d9fcc62b-719a-4290-a483-e7b30e51f7e6,Firefox,linux,245
22630,205.205.94.0,浙江省,2025-06-08 23:34:09,xiaohongshu.com,869523,0ee2c506-8092-4ea1-9f58-b879ad3a9af9,Safari,安卓,332
22631,54.40.145.147,吉林省,2025-12-26 22:10:36,qq.com,427040,ad753516-b0b2-416e-8b56-6d7ec8f87909,Firefox,ios,437
22632,172.150.243.90,甘肃省,2025-08-01 18:41:39,taobao.com,766801,3c2d452c-407f-4d94-a0e2-41877113bb99,Firefox,macOS,291
22633,161.70.22.123,浙江省,2025-01-12 08:27:09,douyin.com,705291,34aee398-ee1b-491b-b317-9745d8be5126,Edge,win,594
22634,7.157.251.148,陕西省,2025-03-01 10:33:25,bilibili.com,135287,da4893dc-320e-4cb8-99dd-1edcc7d808ca,Firefox,win,457
22635,85.18.127.94,吉林省,2025-12-21 19:09:41,baidu.com,413421,4cdb86d4-715b-4b58-b175-5b61660ca2af,Firefox,安卓,167
22636,102.140.247.27,吉林省,2025-12-17 20:48:37,aliyun.com,509741,b71c11de-e835-4281-8875-6d081534cacc,Edge,linux,280
22637,206.143.67.49,贵州省,2025-04-21 22:57:47,weibo.com,913893,d4cb1f62-813a-45c6-82f4-df908c85a9e2,Firefox,ios,390
22638,32.235.163.26,宁夏回族自治区,2025-01-13 00:25:43,aliyun.com,971034,c540e985-f396-4333-8ca6-fda3b6cd8dd4,Edge,安卓,281
22639,130.108.141.192,宁夏回族自治区,2025-11-19 12:22:46,weibo.com,442757,752a6e48-cb1c-4aae-a327-2f9c6afef772,Firefox,win,185
22640,96.21.139.16,黑龙江省,2025-02-18 14:53:16,qq.com,890057,0a81ddb3-b618-4e18-a10e-a5adf7d93fba,Safari,linux,94
22641,75.136.205.47,江苏省,2025-06-03 22:15:41,taobao.com,863980,46ff2d18-0d9c-45af-baf9-d8c947885698,Safari,win,410
22642,86.110.254.229,内蒙古自治区,2025-07-26 00:05:27,xiaohongshu.com,928602,30b6dda6-3caf-4927-8c3e-2b78f1e9e771,Safari,linux,384
22643,175.237.167.63,湖南省,2025-09-11 20:40:54,baidu.com,362455,a1b45256-416a-40a5-89e5-2ad08d52ba78,Safari,linux,479
22644,93.23.11.26,香港特别行政区,2025-10-25 10:11:35,jd.com,724064,26be198e-4787-4bad-8ce9-78a0ab4f157f,Edge,win,55
22645,134.76.73.87,辽宁省,2025-03-20 03:21:34,douyin.com,208653,9441e3b9-ada0-4da0-a0b8-1813d4ad7d6a,Safari,安卓,52
22646,93.180.35.167,云南省,2025-12-30 16:57:19,jd.com,215896,72ec8503-e759-4644-b00b-68d14ad0d63b,Chrome,macOS,160
22647,140.126.233.28,甘肃省,2025-12-06 00:04:06,aliyun.com,438030,fae24c9b-4d6c-441c-8d7d-0e37011f0711,Chrome,ios,324
22648,186.71.251.120,广东省,2025-04-29 11:27:43,bilibili.com,554865,bb17d7db-dbde-4f41-972f-9aca0293e43f,Firefox,macOS,297
22649,56.171.248.99,四川省,2025-12-24 00:18:19,github.com,787151,0fd3e733-0408-40e5-a4bd-54ea79013b5b,Chrome,linux,186
22650,171.42.195.171,西藏自治区,2025-05-28 12:37:20,qq.com,196841,ab41c9b4-fd04-43af-a46f-1dba6dde2ef0,Safari,win,292
22651,189.52.64.148,云南省,2025-02-07 05:13:44,qq.com,245291,9bbc93e3-5bd9-4473-822f-4dcadbf548cb,Edge,linux,122
22652,153.77.142.131,浙江省,2025-09-09 02:28:50,github.com,398854,0ab3aecd-4bb4-47e2-b289-c09c8a7e9431,Safari,ios,19
22653,95.39.207.156,青海省,2025-08-28 05:40:35,weibo.com,404358,4b763bab-7d7e-4b81-920a-8ed0342bbb24,Firefox,ios,466
22654,210.240.222.250,台湾省,2025-12-14 08:43:08,qq.com,302175,ee7b9297-fe87-43c1-a1a6-ee24caf6a4c2,Edge,linux,126
22655,20.133.124.120,四川省,2025-03-13 02:47:01,jd.com,579674,8eacaccd-df73-439c-8206-f9a33c1adb24,Firefox,安卓,211
22656,144.179.85.72,湖南省,2025-11-02 10:15:07,jd.com,781755,e8c695c4-9e83-48df-9975-ec2817f72719,Chrome,安卓,585
22657,133.180.193.34,安徽省,2025-08-10 12:41:00,douyin.com,231733,c9d41e3e-0a25-40d7-b3aa-cbf64c004448,Firefox,安卓,116
22658,20.141.11.121,辽宁省,2025-10-06 05:06:52,douyin.com,969401,287ccaec-f65f-4ac1-a497-82373312aaac,Safari,安卓,543
22659,63.94.123.141,台湾省,2025-07-10 08:46:45,weibo.com,152296,fca23f5b-5523-408e-883f-796dd3935112,Safari,linux,189
22660,163.0.19.88,宁夏回族自治区,2025-03-08 02:52:04,jd.com,493820,d0e99dd9-acf3-473b-9897-04083c37f27d,Safari,ios,499
22661,194.56.93.15,香港特别行政区,2025-06-09 13:06:05,jd.com,184672,6ed32134-1f8b-4d4e-a77b-6bec462f73ff,Chrome,安卓,521
22662,67.89.247.72,甘肃省,2025-07-07 09:57:46,aliyun.com,131605,a8f55e7c-94d4-47e0-8e5c-fe78579a8e17,Firefox,win,496
22663,179.20.174.133,四川省,2025-09-13 00:02:08,github.com,284225,691d2ab1-bb1d-496a-bca4-a4d4ac943ac6,Safari,linux,538
22664,59.107.28.247,浙江省,2025-12-07 12:30:11,aliyun.com,428931,7d8ee0b4-1262-4129-9344-095a4d9c95be,Chrome,macOS,161
22665,91.7.55.44,澳门特别行政区,2025-10-07 19:28:00,aliyun.com,704100,6c36444f-e841-44fb-b89d-b878a121362d,Edge,安卓,320
22666,204.254.214.35,澳门特别行政区,2025-01-31 09:13:31,douyin.com,946045,2617aa02-9f52-4278-9ec6-fbe03acccdfd,Edge,安卓,423
22667,68.124.174.149,吉林省,2025-07-15 09:30:51,qq.com,459840,e1024733-ae0f-4bc1-bd1a-7c82b0c1c5c5,Chrome,ios,175
22668,59.199.180.145,天津市,2025-07-29 15:45:49,douyin.com,810909,8e7011f6-f2d6-479a-a6b1-5ed8318e9daf,Safari,linux,574
22669,91.251.55.246,青海省,2025-08-27 05:23:01,aliyun.com,349412,c0e7b23b-7ac1-4ae6-a53e-51d3749b0c33,Firefox,linux,597
22670,111.79.15.226,北京市,2025-02-15 08:52:57,bilibili.com,957138,939018c1-2533-4214-9b7b-a98cbd60bdb6,Firefox,macOS,148
22671,4.168.126.109,河南省,2025-07-11 19:18:35,qq.com,103856,9f5a4804-58f7-44cd-a0bc-20fe4b7ad014,Edge,win,229
22672,84.49.180.148,山东省,2025-06-19 17:02:04,baidu.com,115486,1a39bf84-224a-4845-b1d7-f1e6f8c7e611,Firefox,安卓,298
22673,171.249.243.200,辽宁省,2025-05-15 20:52:48,douyin.com,510706,34c9c4d4-323b-4d85-8a10-c424ad574c76,Edge,安卓,10
22674,98.65.167.218,广西壮族自治区,2025-02-04 13:00:57,bilibili.com,139006,07dfc8de-5898-4d5d-823f-65030edb3d1c,Chrome,安卓,301
22675,199.112.132.36,福建省,2025-07-23 09:56:05,jd.com,948254,2a4a13f9-640e-41eb-9dbb-d9b79fb436b9,Safari,ios,341
22676,48.156.77.233,西藏自治区,2025-08-22 17:05:36,aliyun.com,883315,e2b3b447-6237-4cda-8a87-01a559a2c076,Chrome,linux,335
22677,185.171.108.207,浙江省,2025-07-22 12:55:33,qq.com,183307,17479907-0c30-4726-bf26-33114bbfa393,Firefox,macOS,199
22678,122.10.0.117,海南省,2025-05-05 18:04:11,bilibili.com,513196,8a7a5b1d-2f11-45b3-b695-e5d38cd755f6,Chrome,macOS,273
22679,24.71.240.208,新疆维吾尔自治区,2025-01-25 16:13:20,aliyun.com,279101,b24d7fd0-b842-4201-862e-9abd34eb0ccc,Edge,linux,405
22680,135.19.150.154,江西省,2025-06-26 11:25:13,xiaohongshu.com,478271,143c1630-a985-4a9e-9004-a65250e47b2a,Edge,ios,42
22681,79.173.15.8,西藏自治区,2025-12-29 01:12:56,bilibili.com,388793,24f8fec5-4ec3-4685-b735-ec34e189a99c,Chrome,安卓,33
22682,204.143.242.164,宁夏回族自治区,2025-02-23 15:44:07,aliyun.com,350084,7c006deb-adcd-41d8-9c45-318d22c5b75f,Chrome,macOS,376
22683,194.199.95.93,安徽省,2025-07-23 08:31:04,taobao.com,375479,6ea3515f-2cc7-48da-8d6a-3bcf4c1dcadc,Edge,linux,33
22684,50.253.162.25,广西壮族自治区,2025-07-02 18:21:28,weibo.com,308401,b5bdb534-aae6-491c-867e-a00daa270f5e,Firefox,win,321
22685,72.74.58.223,宁夏回族自治区,2025-05-31 10:38:41,qq.com,380627,8771dc64-1a24-4b5b-9352-853ad9499ec0,Edge,linux,310
22686,222.117.114.189,青海省,2025-01-08 06:54:30,jd.com,214868,17347270-49af-48dd-a9c4-e46f72715ffe,Chrome,ios,48
22687,77.100.213.75,内蒙古自治区,2025-04-20 07:46:48,qq.com,210903,7722d09a-6025-4a8f-acd7-c4c85bb0885c,Safari,linux,183
22688,110.82.214.69,浙江省,2025-01-02 16:26:20,baidu.com,606965,49a4167a-7ac4-4e04-b180-384e6248a350,Safari,ios,170
22689,171.235.171.206,内蒙古自治区,2025-01-09 23:08:57,github.com,126925,791b08c4-acb5-4f91-816d-24bfd1b80e83,Edge,macOS,48
22690,146.238.173.242,海南省,2025-04-05 18:10:23,xiaohongshu.com,671184,4ed896a4-891f-435f-a52b-0db8125df8c2,Firefox,linux,209
22691,167.159.20.98,广西壮族自治区,2025-12-03 01:27:02,baidu.com,148148,e94117fb-5f10-4577-b0ca-80de2f65dc89,Edge,安卓,549
22692,121.131.44.129,陕西省,2025-01-15 19:52:13,xiaohongshu.com,159179,59bce25c-c2c4-4fcc-bd36-7d174e8b9126,Edge,ios,369
22693,131.204.168.250,安徽省,2025-09-20 19:12:24,github.com,169702,9e5545d0-fe08-4cd8-b498-068d496d3286,Edge,linux,267
22694,12.107.150.86,广东省,2025-10-31 15:37:29,qq.com,922254,e5c8bbff-1ee6-4de1-8624-6f0d9d4c45ca,Chrome,win,390
22695,55.75.151.20,河南省,2025-12-22 09:28:30,douyin.com,650739,b86c6341-d35b-46ae-82e9-b25934d7a15a,Edge,win,353
22696,88.8.250.119,上海市,2025-02-16 22:11:50,baidu.com,121224,869adbc3-7ec3-4fd6-8c54-47387f4c907a,Chrome,ios,191
22697,29.152.199.55,天津市,2025-04-15 23:18:21,baidu.com,874690,d4b5f1eb-34bb-4863-b50a-9119099cf996,Firefox,ios,390
22698,79.190.101.79,安徽省,2025-08-31 14:07:59,github.com,229325,13cfb8db-746c-4a6a-b0fc-46199683fbef,Chrome,win,161
22699,41.179.133.104,四川省,2025-01-24 08:12:38,github.com,493970,b8acab40-af19-49a3-9401-1a9286c6a794,Safari,macOS,525
22700,35.60.180.253,广西壮族自治区,2025-10-23 21:59:29,xiaohongshu.com,940470,e50adba0-fb55-442b-af58-8f7307030605,Chrome,linux,233
22701,107.197.80.248,广西壮族自治区,2025-04-04 07:23:03,bilibili.com,464179,1545f7c5-0e2f-4487-a2a2-b880e5ef0501,Firefox,macOS,349
22702,80.87.254.130,甘肃省,2025-10-14 05:49:34,xiaohongshu.com,716095,01823437-8164-4d7d-ba71-ea6eae92ad6f,Safari,安卓,548
22703,138.137.45.25,河南省,2025-12-27 15:16:26,jd.com,960532,2691063d-8559-491b-9f2f-0b2c9dda925f,Firefox,安卓,105
22704,13.96.81.76,海南省,2025-07-26 04:41:06,weibo.com,725374,03a85618-93ec-458f-9115-dcbdbf5db444,Safari,macOS,371
22705,105.156.245.226,海南省,2025-04-28 01:32:15,xiaohongshu.com,699594,afa93f6a-e808-4084-b26a-0e9e32cc5e1a,Edge,安卓,378
22706,122.174.68.188,河南省,2025-07-31 10:17:22,github.com,211154,d2a779ef-4cc1-452a-8d88-b3dfe389b5d5,Safari,linux,114
22707,62.206.139.179,台湾省,2025-11-20 21:16:55,taobao.com,807386,a1c68273-d7a2-4d72-8fdb-1f77c66f052a,Edge,macOS,82
22708,10.168.89.140,四川省,2025-03-29 12:50:27,bilibili.com,135108,69c3eed1-b063-4f5a-b96c-16810ca4b462,Edge,win,456
22709,164.16.70.211,河北省,2025-08-30 07:44:08,jd.com,497408,5142b0a5-89a6-41b9-a61e-7c6b1cdd50ea,Edge,安卓,112
22710,82.244.185.2,天津市,2025-10-21 14:05:04,github.com,100407,1c6719a4-ee6c-46c9-9d0a-4897d6969070,Safari,linux,267
22711,132.133.24.253,四川省,2025-08-11 02:03:54,douyin.com,380693,37be1d40-7de3-4a6f-8db8-f154db9b01f7,Firefox,macOS,132
22712,129.201.181.96,安徽省,2025-04-01 11:23:57,baidu.com,148782,f7e685b3-f37d-4a42-b9c3-d2547fe87b6e,Edge,ios,288
22713,210.87.62.253,台湾省,2025-11-30 14:33:23,baidu.com,375010,c899f1f7-8090-44d4-8a80-ba4a5ef1e3f2,Edge,ios,320
22714,220.198.198.30,海南省,2025-03-24 19:02:32,qq.com,255020,103f4e1c-d425-4ef4-a263-19c3743ae9c8,Safari,linux,538
22715,78.136.48.81,云南省,2025-07-22 03:33:53,qq.com,314463,6f65f7f9-7334-47a7-9836-e4e548c132e5,Chrome,win,455
22716,176.197.221.23,天津市,2025-12-09 02:29:13,baidu.com,186917,4764b9be-d50a-40c2-a73b-94262aac4c03,Edge,macOS,254
22717,215.35.169.50,青海省,2025-06-16 12:27:25,baidu.com,482566,cd6249b6-f91d-48d6-aef4-7919a600608e,Chrome,macOS,126
22718,10.206.202.123,广东省,2025-02-04 04:48:15,jd.com,216406,6d9ebe6f-7c14-455d-b30a-b9f2fc20ccd7,Edge,macOS,21
22719,209.17.123.169,青海省,2025-10-24 04:37:20,taobao.com,854814,47fc2b5f-b0c8-4d98-a9b3-cdda88a235ee,Safari,linux,158
22720,172.193.155.81,澳门特别行政区,2025-12-07 23:13:23,github.com,385194,03c6e69c-a860-4b1e-9cc6-b6de51afc107,Safari,macOS,471
22721,101.8.247.161,吉林省,2025-12-14 20:18:56,baidu.com,326025,49f0f568-62ca-4b48-8ad5-a2158a5235f1,Chrome,linux,383
22722,116.39.231.89,江苏省,2025-10-01 20:31:42,weibo.com,787493,c58a163b-013b-4d8e-abdd-39f806028890,Safari,ios,292
22723,112.11.194.124,重庆市,2025-10-30 08:17:34,douyin.com,732133,602ab865-49a0-4363-b331-110a9144466e,Firefox,win,214
22724,58.230.116.174,宁夏回族自治区,2025-03-07 00:10:30,github.com,656430,5f2fa150-3e27-4463-9194-8e9d00bf0129,Safari,win,378
22725,209.81.175.14,江苏省,2025-05-02 16:13:38,weibo.com,147381,874b2bd2-1e1e-4612-b77c-157a95d3e91e,Edge,ios,11
22726,126.80.193.91,天津市,2025-06-23 16:37:03,bilibili.com,188513,0d10f774-f205-41a0-b593-a0b6c63688ae,Edge,win,570
22727,134.61.242.143,黑龙江省,2025-02-17 05:32:45,github.com,233561,29c418d6-dc4c-4f7d-bd4f-55f361be979f,Edge,ios,566
22728,65.156.129.154,西藏自治区,2025-06-18 13:25:08,jd.com,541571,5da331e9-30c3-4ad6-948b-13f35bec34f2,Chrome,linux,156
22729,121.13.177.232,安徽省,2025-05-09 21:11:28,github.com,875400,03d39e21-db43-4131-a647-7c0c70f25858,Chrome,macOS,515
22730,111.96.204.6,河北省,2025-05-20 12:33:49,douyin.com,359181,626a782e-bac3-493c-82f8-b0c5f3568a10,Safari,win,228
22731,148.4.241.17,四川省,2025-04-29 20:58:22,xiaohongshu.com,924821,56c9f349-dd8b-453f-a79d-e80bf81cf2af,Safari,linux,227
22732,126.107.130.189,江西省,2025-12-19 19:56:52,weibo.com,947952,e0322d0e-c2d8-47e3-9c7d-aa4ca4d13d59,Firefox,macOS,572
22733,197.168.42.34,宁夏回族自治区,2025-12-02 21:16:26,douyin.com,439635,4167bd20-97e4-4fa8-871b-b52b177b7cb0,Safari,win,402
22734,146.55.184.137,辽宁省,2025-11-12 03:21:49,douyin.com,784987,b60050f2-4329-46c4-9e96-6a7c3835fe82,Edge,ios,255
22735,124.12.208.241,江西省,2025-01-18 18:14:45,bilibili.com,619079,217fb0af-b625-4a76-ab6a-9ab1c323f5f3,Chrome,linux,33
22736,50.125.123.93,西藏自治区,2025-07-02 19:32:13,bilibili.com,420674,78fd032d-4839-42f2-b19e-55b60d0a71df,Safari,macOS,479
22737,163.254.214.204,河南省,2025-02-18 18:14:37,jd.com,204365,44f9b0c5-7ec4-4879-bb18-661dee3004c2,Chrome,win,93
22738,59.127.214.144,新疆维吾尔自治区,2025-04-20 11:50:15,weibo.com,969952,33a9f3ac-052f-4f5c-9dc2-c3b2672ff7c6,Chrome,win,326
22739,44.44.197.58,天津市,2025-01-14 12:03:05,weibo.com,517549,ad4d0b82-432a-4176-834a-d9ec0317fc1f,Edge,安卓,228
22740,15.248.147.28,天津市,2025-06-28 23:10:51,qq.com,672047,5a530577-c7b4-40cd-b4cf-00a5286469ee,Edge,安卓,330
22741,134.191.60.109,广西壮族自治区,2025-09-13 17:20:20,weibo.com,843412,9ed4c464-2e73-41e6-a946-412304a9fdfb,Chrome,macOS,429
22742,125.63.51.18,澳门特别行政区,2025-10-13 11:41:19,qq.com,251059,260f438d-339b-4442-9cab-9e7817f8c033,Safari,win,46
22743,176.98.13.134,西藏自治区,2025-01-29 12:12:15,xiaohongshu.com,238140,bb649e19-3642-458e-b9ed-43b746a76beb,Safari,macOS,136
22744,101.54.74.196,陕西省,2025-01-15 01:23:31,taobao.com,452744,b6618284-ae31-4932-ad72-71c2b863af13,Chrome,安卓,285
22745,170.187.112.13,辽宁省,2025-11-08 13:48:04,github.com,785394,44bf4f72-f611-44a1-ab9c-e8755af22629,Edge,ios,431
22746,193.132.94.99,广西壮族自治区,2025-10-30 05:53:52,taobao.com,461203,11fbaf0f-cb83-4214-8af9-b3736cbe666b,Safari,macOS,190
22747,111.44.251.185,四川省,2025-08-14 02:20:14,weibo.com,628848,2be54b06-9da7-474d-8ec3-4b1b5501c17d,Chrome,linux,415
22748,57.41.58.140,河南省,2025-02-22 02:45:17,douyin.com,839165,7fc8649a-62b6-451e-9794-30945827da19,Firefox,macOS,407
22749,102.252.233.23,新疆维吾尔自治区,2025-03-30 02:44:01,weibo.com,174976,ae01cfb1-a190-4464-90de-c876a6e24bd9,Safari,linux,46
22750,69.90.216.161,宁夏回族自治区,2025-08-08 08:40:10,github.com,567116,082a7fbf-2045-45c3-a61f-03d846fa4122,Edge,linux,495
22751,66.97.188.104,新疆维吾尔自治区,2025-05-22 10:33:29,qq.com,837404,fdc5bccf-94ba-4ab5-a1ee-72d0937b2733,Firefox,ios,276
22752,43.219.136.134,青海省,2025-12-18 12:04:07,weibo.com,547590,638d90ad-f555-4055-86df-2462135a1cc2,Edge,linux,213
22753,150.221.173.51,浙江省,2025-11-27 21:02:29,douyin.com,153117,f827b727-3225-4cbb-b39b-df6566854276,Chrome,linux,334
22754,160.234.152.72,安徽省,2025-09-17 05:17:51,douyin.com,256789,645cc85e-90e8-4e8e-a566-b7f7617f64c7,Safari,linux,528
22755,37.94.222.87,安徽省,2025-10-24 00:09:11,aliyun.com,648970,167a6474-0a45-4113-9aa7-f304c0384128,Firefox,ios,13
22756,179.122.202.71,辽宁省,2025-02-21 21:43:51,aliyun.com,934052,71bfca69-6e9e-45df-8f22-a0508e99b2ae,Firefox,ios,419
22757,86.130.6.250,河北省,2025-12-30 17:48:29,baidu.com,700777,6e174186-62ac-4462-913d-787ba9fc4d04,Firefox,macOS,137
22758,24.133.88.219,海南省,2025-01-11 04:22:47,bilibili.com,942898,015629f3-2ed8-45a2-b52d-113b5bf17511,Safari,安卓,18
22759,140.59.16.71,广西壮族自治区,2025-10-26 00:08:50,baidu.com,395934,9a93d77f-cc04-460b-865b-61d9abd6eeb5,Firefox,linux,206
22760,93.78.116.147,陕西省,2025-04-01 02:54:45,aliyun.com,839426,3da4a6da-1f6d-466d-965e-9cced328a811,Edge,macOS,120
22761,117.143.161.99,天津市,2025-08-08 08:22:08,bilibili.com,545357,9aece506-c230-40b5-a1b8-8a51487f9eb5,Edge,macOS,91
22762,26.125.218.78,辽宁省,2025-06-10 13:44:42,baidu.com,922967,8f369ad7-af43-492c-bfbe-4f3e2977bac3,Safari,安卓,101
22763,108.237.80.69,内蒙古自治区,2025-06-24 08:22:59,weibo.com,136451,ecc1a9b3-2812-4b3f-aa08-37e51918f5ff,Firefox,macOS,423
22764,215.39.69.11,甘肃省,2025-03-10 10:44:18,aliyun.com,632606,ac9f928e-07a9-473c-b2b9-2c2c81fd5283,Chrome,win,154
22765,3.149.97.14,海南省,2025-10-23 16:14:46,baidu.com,107893,82c994e9-7732-4849-b4e4-8a708732e5c7,Chrome,linux,435
22766,149.40.80.204,甘肃省,2025-07-26 05:16:06,aliyun.com,334844,a6f90f60-ce09-42b5-96f2-623aaeacb0a4,Edge,安卓,122
22767,118.47.145.97,香港特别行政区,2025-07-24 13:47:33,baidu.com,895843,676f7cfd-d716-4fb2-adc8-5fc3f9599f86,Firefox,win,185
22768,186.101.197.145,香港特别行政区,2025-02-13 01:02:40,weibo.com,479300,8c02a2ef-e5af-42ad-a31c-59028b3a1cf9,Chrome,macOS,6
22769,2.20.71.32,广西壮族自治区,2025-05-02 10:29:08,bilibili.com,247659,cfb28db1-23c8-4707-a6a2-24bb3890e472,Firefox,linux,316
22770,219.17.237.181,湖北省,2025-08-27 06:53:21,github.com,471243,71a095a4-f7a0-4f88-8ce3-5fb97bf752a5,Safari,linux,557
22771,155.27.50.206,海南省,2025-04-13 06:56:45,aliyun.com,587121,cb44b40f-76e3-404b-9b60-dc44a983c488,Safari,win,154
22772,87.243.31.36,吉林省,2025-07-24 00:41:14,weibo.com,727593,ede45001-d01b-423b-98d4-68b3516c8c68,Firefox,linux,381
22773,187.18.232.148,甘肃省,2025-08-17 02:49:21,jd.com,141201,92e8b14d-322f-44c6-94e1-47e1b0760255,Firefox,linux,453
22774,129.133.252.179,湖北省,2025-06-30 11:27:58,baidu.com,403037,0a0e3462-3bd9-4be0-90f1-b592d0a97684,Edge,linux,123
22775,85.122.248.63,吉林省,2025-06-01 06:07:09,bilibili.com,508903,7d684bcc-b73f-40ca-83dd-5bb2332b2c7a,Firefox,macOS,365
22776,174.238.12.124,湖北省,2025-10-01 23:43:35,github.com,396581,41300c0d-b485-4494-bdbb-b92c4f872c31,Edge,win,74
22777,119.13.222.210,天津市,2025-10-18 17:02:45,taobao.com,245345,5e622fbf-498b-40d6-b06e-75fa79964c6e,Chrome,ios,566
22778,2.106.183.208,宁夏回族自治区,2025-04-11 02:44:04,weibo.com,780221,b573dfe0-f7a0-4a87-ab72-ce975120121c,Firefox,安卓,125
22779,215.133.223.246,湖南省,2025-04-06 14:04:15,xiaohongshu.com,683881,e66f6b2f-f2ae-410d-8a06-d2e18c0c0b05,Firefox,win,199
22780,174.62.71.182,内蒙古自治区,2025-08-13 13:21:55,github.com,640081,e3f1c6ad-a7f3-44ce-925c-242f0f100fde,Edge,macOS,584
22781,181.130.141.161,台湾省,2025-06-05 00:07:38,taobao.com,562885,3424c27e-f109-47d9-b713-a903693a596d,Safari,linux,331
22782,117.48.161.226,河南省,2025-01-03 16:28:39,weibo.com,782690,a9018848-9219-4f9f-b2d0-61b47fa1a546,Safari,macOS,567
22783,17.55.2.77,福建省,2025-10-20 04:53:46,weibo.com,146239,d161a1e4-45e7-4337-b669-679615007ff3,Safari,linux,27
22784,21.68.60.7,陕西省,2025-04-24 07:22:06,github.com,744450,dd2dfbe0-6676-4e78-830a-690964075e58,Chrome,安卓,219
22785,43.173.34.68,贵州省,2025-08-20 23:38:21,bilibili.com,563136,a77116a0-4f51-4554-8000-5b049e553f0a,Firefox,安卓,546
22786,45.89.155.87,江苏省,2025-05-02 16:55:47,xiaohongshu.com,162285,aeb97040-acdb-491e-8a16-9e4fa8097231,Chrome,安卓,316
22787,122.40.49.156,澳门特别行政区,2025-08-19 02:56:19,jd.com,366356,c16329ef-2b38-4c06-b42a-4da828f002e0,Safari,安卓,345
22788,117.216.109.140,吉林省,2025-01-16 08:52:00,aliyun.com,392241,6aec79a8-0249-4b62-a609-7782ace81705,Chrome,macOS,57
22789,183.201.235.165,山西省,2025-11-16 06:35:25,jd.com,675879,6f80b93f-a115-4bd6-8c39-039154c86be7,Safari,ios,208
22790,157.228.189.70,台湾省,2025-08-11 23:30:26,weibo.com,799955,c8a01b29-ccae-4564-b90b-b83a3d8a4b0f,Firefox,win,505
22791,17.91.70.57,福建省,2025-11-28 14:12:48,github.com,410241,3b566937-8d7d-45a7-aca5-09e96dc0b4a5,Edge,macOS,319
22792,27.77.33.252,澳门特别行政区,2025-07-22 03:52:02,baidu.com,703575,c4584d2b-5875-4286-807f-fa9a70075c8e,Safari,macOS,53
22793,31.126.111.163,广西壮族自治区,2025-02-18 23:26:26,bilibili.com,763819,1ea36c83-b541-4688-9e87-c879d112d2fc,Firefox,win,213
22794,198.96.67.120,山东省,2025-04-03 20:48:58,jd.com,428994,c2dd9244-0216-459e-a2a4-1570a117b106,Safari,ios,60
22795,105.99.205.72,上海市,2025-09-03 06:04:30,jd.com,500665,a89cba88-d643-4e81-b884-c22953302af0,Chrome,win,244
22796,38.132.43.104,湖南省,2025-04-29 09:44:19,github.com,863250,0e369019-5ba1-4a6b-8533-2c40c4415043,Firefox,安卓,361
22797,101.105.92.98,天津市,2025-09-22 22:35:26,douyin.com,785527,da7929e9-8e89-4e19-99e6-6c98bbb678b1,Edge,win,313
22798,83.237.255.23,海南省,2025-09-30 05:11:46,bilibili.com,284794,3c613366-db86-44c8-8ff0-86d7df451179,Safari,ios,77
22799,166.157.196.53,新疆维吾尔自治区,2025-01-29 04:52:26,weibo.com,722810,c40edf81-de36-429c-95ad-c8f2f26929a4,Safari,linux,143
22800,102.135.236.94,北京市,2025-05-19 01:51:56,taobao.com,217146,5640650a-cc21-42fe-94e3-ed59b08fda14,Firefox,macOS,196
22801,178.245.203.68,台湾省,2025-08-08 02:37:46,taobao.com,343183,d00075e4-782d-4c6c-894e-9e5554767fc6,Edge,ios,377
22802,109.237.25.143,内蒙古自治区,2025-01-19 04:54:18,baidu.com,488071,dc41a821-2e4d-4352-84eb-b9cedd4778c6,Firefox,linux,449
22803,15.243.138.195,河北省,2025-08-30 04:31:20,taobao.com,412404,71e660c6-a9c6-4351-b80c-f353be81c5ea,Edge,win,396
22804,161.53.71.237,浙江省,2025-11-09 04:18:42,aliyun.com,710774,835e8741-0bf5-4358-8a68-302d051b917d,Edge,win,489
22805,199.75.28.94,四川省,2025-11-08 03:00:47,xiaohongshu.com,789554,afdfa61e-d832-4bc7-8da8-0f25d612fa15,Firefox,linux,124
22806,109.26.61.109,内蒙古自治区,2025-02-21 10:06:25,baidu.com,546776,4d155760-e2d4-4558-ab3f-c9986aed8d35,Edge,macOS,90
22807,118.13.223.195,山西省,2025-01-02 08:29:06,bilibili.com,122280,8fb57d8a-1d3d-442c-a8a5-61ab1bafe5b9,Chrome,安卓,398
22808,65.14.9.232,广西壮族自治区,2025-08-14 17:51:16,douyin.com,572259,cef4d09d-828a-4af4-af33-680ff59461a0,Firefox,linux,155
22809,215.30.88.200,湖南省,2025-12-29 03:54:45,qq.com,738030,f77e919c-7583-4f73-baae-3bca2419ba50,Safari,macOS,310
22810,27.7.78.209,河南省,2025-09-01 22:40:45,xiaohongshu.com,295547,f92e8751-6869-4ae3-b665-a431a8618e45,Firefox,ios,481
22811,111.125.170.157,甘肃省,2025-03-03 09:17:17,taobao.com,364334,2dcc3c27-1d11-43fd-b08d-aaba89513c83,Safari,linux,409
22812,35.45.189.167,河南省,2025-11-09 07:24:28,xiaohongshu.com,672209,11b0b16d-c6d8-4317-8731-20addb18e83f,Safari,win,91
22813,62.108.132.168,河南省,2025-03-27 00:21:59,baidu.com,123464,bed55760-bb23-4701-9819-d4065aac138f,Firefox,ios,341
22814,194.30.87.250,安徽省,2025-11-26 19:46:04,taobao.com,903744,2333824e-2cde-48c9-8c07-ea23d5637efe,Safari,win,348
22815,184.92.130.224,内蒙古自治区,2025-09-07 13:22:16,baidu.com,422295,f1e9e1fa-3a35-46ee-8beb-1740971e1f0d,Safari,安卓,35
22816,214.238.110.193,青海省,2025-04-06 04:06:05,aliyun.com,619840,fdf12819-19d4-4271-b92e-619cbee4a740,Chrome,ios,542
22817,39.120.176.204,福建省,2025-02-03 00:09:22,taobao.com,535026,2be9be89-4114-4895-bf56-df3694cead65,Firefox,linux,481
22818,61.149.150.28,云南省,2025-10-31 05:10:43,taobao.com,392822,4f1eee2d-a7be-4458-a6cd-f1427ca96cc7,Chrome,macOS,587
22819,119.85.22.150,江苏省,2025-11-11 13:24:23,baidu.com,561598,c90f0800-401d-45a8-9a8c-6010aa42965e,Firefox,安卓,577
22820,174.230.200.10,浙江省,2025-11-12 16:38:01,xiaohongshu.com,240547,06fe1439-3ea2-4c09-8d2b-2a930621182d,Chrome,win,452
22821,177.195.95.62,山西省,2025-01-23 07:43:35,aliyun.com,483020,099e13e2-ffd0-49c5-8b52-722eba82e16b,Safari,安卓,558
22822,59.142.149.55,西藏自治区,2025-01-05 06:15:28,douyin.com,570229,2cca6ac9-1c46-4cbd-bfd3-f70620bf562f,Firefox,ios,10
22823,196.227.202.109,黑龙江省,2025-03-15 15:18:48,xiaohongshu.com,869874,5c9dca89-5807-49a9-8d39-807ee9f28c50,Safari,linux,391
22824,126.170.41.89,浙江省,2025-02-11 06:26:56,xiaohongshu.com,219369,e871d60d-1277-40a2-8f1a-b39743891357,Firefox,安卓,333
22825,154.72.190.184,陕西省,2025-01-04 01:46:11,baidu.com,275219,3e04e173-13bf-4d76-a75a-ebdda82ea38b,Firefox,ios,115
22826,170.153.65.3,河南省,2025-03-02 23:07:22,baidu.com,157769,00176c67-d586-49f6-b0f7-47de146a866d,Safari,linux,337
22827,213.182.223.196,贵州省,2025-12-04 09:26:13,weibo.com,668365,10eda20f-1e67-47bc-9ec5-a138a475c1b2,Chrome,ios,325
22828,64.188.160.181,台湾省,2025-07-29 16:44:57,baidu.com,862432,a0fbb620-66f2-4bcf-83be-3523c302b4b2,Safari,ios,578
22829,130.3.17.34,贵州省,2025-03-17 15:47:40,xiaohongshu.com,730124,664b011b-8bc5-42bd-b66b-816385c3a7ca,Safari,macOS,522
22830,22.225.24.166,黑龙江省,2025-01-03 03:21:41,github.com,616542,a067ffe6-8939-4301-9207-1e3a18a6726d,Chrome,linux,541
22831,43.5.81.166,重庆市,2025-07-16 00:29:02,baidu.com,659929,f74d80b1-f9b9-4dd0-830f-c4916e9c2895,Firefox,安卓,158
22832,43.38.225.187,西藏自治区,2025-08-21 03:07:16,github.com,859227,d1371508-785d-401f-a5ac-066ea4003f4a,Edge,ios,375
22833,55.39.24.67,宁夏回族自治区,2025-08-09 12:45:42,baidu.com,649446,0a5924d2-404f-49bd-8239-758b4fde0aec,Edge,ios,579
22834,188.193.70.217,河南省,2025-05-26 06:01:30,weibo.com,997620,68319552-26e8-44b1-bbe7-9f2d74531ad6,Edge,安卓,426
22835,72.150.250.98,云南省,2025-03-03 03:45:25,github.com,385976,e85d1ace-2f3d-4b29-991a-af79d31f15b5,Safari,win,494
22836,106.213.92.209,重庆市,2025-12-17 20:19:43,xiaohongshu.com,529417,2447aa44-1526-40c5-809b-8e3368ce388e,Firefox,ios,460
22837,195.3.158.235,辽宁省,2025-03-17 00:46:36,bilibili.com,342154,1ffdd4d6-fcee-4055-b39c-2c2a52ca20b5,Chrome,安卓,151
22838,142.51.6.3,吉林省,2025-04-16 11:03:00,jd.com,752821,d62555fe-279f-4a68-b4a0-8914224e2c42,Safari,安卓,183
22839,197.180.174.59,贵州省,2025-04-09 09:35:54,douyin.com,201858,ab488502-5094-4ff6-aa90-98d6b408759a,Chrome,安卓,479
22840,155.5.128.222,香港特别行政区,2025-12-17 21:47:52,aliyun.com,294927,82e6ba4d-1e01-4b54-9262-ba366d908a5e,Chrome,win,532
22841,92.14.19.213,西藏自治区,2025-02-19 06:36:55,qq.com,991131,650ee8de-505d-4ed7-a70a-a5a98e419cf8,Firefox,ios,370
22842,141.157.215.190,陕西省,2025-03-03 04:30:05,qq.com,946840,bb9fcd2d-3c7f-483e-aa13-47ff9e37fdbe,Firefox,win,553
22843,41.47.144.119,贵州省,2025-08-28 06:03:14,github.com,871402,190d4e31-64ab-427f-9271-36a8a9f483d9,Chrome,macOS,5
22844,181.167.47.82,安徽省,2025-05-30 11:44:57,jd.com,741669,0118d59a-1256-49b0-809f-aaea7a67c445,Safari,linux,134
22845,46.110.221.90,云南省,2025-08-29 11:22:43,baidu.com,589388,90f5909e-31a6-4da6-ba56-31d81a0c7f69,Firefox,ios,176
22846,215.158.219.211,江西省,2025-11-16 12:42:37,douyin.com,596841,fcd9928a-69de-46f9-a360-77bec4e0b3fe,Edge,ios,200
22847,215.49.122.210,黑龙江省,2025-09-29 13:26:02,jd.com,343644,ce23ceed-9995-468b-bfa6-2a26281e980b,Safari,ios,180
22848,59.146.55.71,辽宁省,2025-03-17 08:10:42,weibo.com,828438,f000a7f7-6ec4-4459-a5b0-fd5c586aef3f,Safari,安卓,517
22849,3.15.175.141,宁夏回族自治区,2025-03-03 01:11:54,aliyun.com,123823,fd6bfad6-26b9-4717-a377-594eac641228,Firefox,linux,209
22850,15.131.125.67,上海市,2025-10-28 23:01:12,weibo.com,992978,5e0fbce6-9f0d-4741-b95a-e5e60247ccf9,Safari,ios,77
22851,25.2.80.111,内蒙古自治区,2025-10-19 21:45:44,aliyun.com,624000,74f27559-cd50-4be0-846e-0134e993e600,Safari,安卓,10
22852,213.142.221.81,北京市,2025-06-26 17:50:53,weibo.com,731616,67cd0d22-d504-43e3-bc07-c3fdf366a4b4,Edge,ios,127
22853,61.70.198.62,广西壮族自治区,2025-07-24 14:46:17,qq.com,189597,a470df93-b8df-4c79-a903-6abe62a2c59d,Chrome,win,73
22854,33.114.47.76,青海省,2025-07-23 08:48:00,douyin.com,580658,f0d84755-cb3d-4f01-bc17-dfc2a244c3b7,Edge,macOS,392
22855,159.77.214.144,北京市,2025-10-05 01:12:57,aliyun.com,226501,80093ad7-84d3-410a-891f-e37ff58f9d34,Chrome,linux,71
22856,49.225.1.212,广东省,2025-11-24 04:13:04,taobao.com,514899,54ebc944-4526-4c80-b875-09918c13a7ae,Edge,ios,30
22857,144.217.201.242,湖北省,2025-11-10 10:08:16,taobao.com,959623,95a056ca-0338-4a03-afe2-0280b378708b,Safari,linux,280
22858,86.203.248.8,宁夏回族自治区,2025-02-08 20:56:34,qq.com,373098,96bbedd4-1dae-4a94-8fa3-2dffad8a90d8,Safari,安卓,104
22859,87.123.181.173,香港特别行政区,2025-03-27 07:01:44,github.com,399102,920df1cb-ea88-4833-9bfd-4c0bc90a6d6d,Firefox,linux,156
22860,165.123.75.18,广西壮族自治区,2025-07-21 17:56:55,aliyun.com,370789,d5499c97-2c60-4bb0-ac57-d204a97dbee3,Edge,macOS,10
22861,179.44.77.123,河北省,2025-02-14 05:17:12,baidu.com,531846,bd25d44e-7fbd-4e06-b4a3-cbdd09603604,Safari,安卓,535
22862,194.94.46.192,福建省,2025-01-02 05:18:27,weibo.com,612239,92a7091f-eabd-4df3-8f21-dbf4e4266a06,Safari,安卓,591
22863,131.54.254.39,上海市,2025-09-07 02:04:48,weibo.com,656517,b5809b56-00c7-4797-8935-f63ba201bf58,Firefox,win,19
22864,17.13.238.220,陕西省,2025-11-23 22:44:52,bilibili.com,532821,99464ffb-169f-430f-958a-0d98b143e4d3,Chrome,安卓,545
22865,70.100.57.116,河北省,2025-06-07 14:52:15,taobao.com,224052,d50dd187-45fd-44df-b05e-0ada60950311,Firefox,macOS,318
22866,117.75.106.81,云南省,2025-11-11 00:28:26,github.com,182401,d197988f-dfa2-41f8-b4fc-c7b4b35fc6dd,Edge,安卓,54
22867,150.155.22.142,陕西省,2025-04-02 06:40:57,jd.com,902228,15da5259-34ef-44aa-beeb-a6ece5d873c2,Chrome,macOS,174
22868,124.131.64.120,云南省,2025-03-27 16:48:54,xiaohongshu.com,482812,991633aa-107c-4d03-b09a-66a5570d0dc0,Chrome,linux,267
22869,7.125.39.225,广东省,2025-09-05 22:31:53,taobao.com,391579,d8bfe178-5c49-4c61-9588-8df079381f4b,Safari,win,143
22870,103.81.255.108,福建省,2025-02-09 13:20:48,jd.com,594735,305658e7-da85-4e41-81a0-1c228451c2f4,Safari,macOS,557
22871,110.189.170.250,湖北省,2025-01-16 19:34:25,jd.com,378900,9fe276d4-e1d8-4560-87ff-436a761940ad,Safari,安卓,404
22872,86.58.112.142,海南省,2025-07-26 23:04:20,github.com,614506,2a42bd05-2294-4433-a4be-3e25eea9afab,Firefox,ios,343
22873,10.84.13.22,江苏省,2025-02-04 17:38:27,xiaohongshu.com,207203,6e2ef3ea-c715-49f9-bbf8-9678d3edf927,Edge,linux,90
22874,203.57.95.200,四川省,2025-02-28 06:45:44,taobao.com,343163,df17b6e0-e0de-4284-8d93-bbb9033a6782,Firefox,macOS,374
22875,67.150.226.220,青海省,2025-09-14 21:19:38,baidu.com,549939,2e849a49-44e7-4bdf-be2f-587036b9f86b,Edge,安卓,218
22876,75.50.155.30,宁夏回族自治区,2025-05-04 09:12:37,bilibili.com,971577,6894cb2d-ce78-4b9c-a5c0-714d2e820c41,Edge,安卓,227
22877,37.251.222.98,湖北省,2025-01-01 11:17:03,douyin.com,178507,9f441d82-e7ea-49cf-8c4d-11826879c203,Safari,macOS,258
22878,41.47.7.180,海南省,2025-12-27 16:11:56,xiaohongshu.com,957613,1ecbd85f-0e05-413b-8635-efd97bddabe0,Safari,安卓,360
22879,173.78.69.209,浙江省,2025-01-23 18:38:20,aliyun.com,133556,770d4dd9-a58e-4de3-9466-956c979d4279,Firefox,安卓,456
22880,194.169.252.5,四川省,2025-11-08 14:20:47,taobao.com,411042,07898c66-89a7-490a-b855-456e2ea8b46e,Edge,ios,49
22881,44.137.50.210,浙江省,2025-08-21 19:17:21,aliyun.com,203098,f224f1c0-9395-45a6-800a-38a0a714bfc1,Firefox,win,326
22882,211.16.169.24,黑龙江省,2025-04-23 00:27:44,bilibili.com,836606,486d085f-d1b2-4b0b-a8a5-b16b6fc3eaf7,Edge,安卓,583
22883,94.242.146.103,广西壮族自治区,2025-10-06 19:07:28,github.com,738334,f217d4d1-4803-4ab6-a247-b605414fe619,Firefox,ios,334
22884,52.251.7.149,香港特别行政区,2025-05-31 09:59:18,taobao.com,643886,e9589fa3-c1ed-4f9b-8e78-2074b32bb486,Chrome,安卓,594
22885,92.55.72.187,江西省,2025-02-23 22:45:04,baidu.com,228409,2c2a3f9d-2c95-41d7-9a45-49b37af257f2,Safari,ios,202
22886,83.25.191.219,安徽省,2025-03-21 00:18:31,baidu.com,246616,622f139f-9299-454f-997c-da15013eddc6,Firefox,安卓,444
22887,159.203.114.136,贵州省,2025-01-06 21:27:05,weibo.com,526539,3d2474d1-8041-40ab-9bba-19f904a0b3fe,Chrome,安卓,589
22888,135.242.0.121,四川省,2025-12-16 14:45:10,baidu.com,692256,7f8e285b-9493-456d-8ffb-a7942908f67d,Firefox,ios,535
22889,50.184.245.53,云南省,2025-12-19 16:00:48,weibo.com,283267,60484576-79f1-48c2-8b08-1f1566c67126,Safari,win,565
22890,94.120.191.110,青海省,2025-06-11 21:40:53,douyin.com,709959,0ca5ff5b-4883-4cab-954c-08af6d3d158d,Edge,安卓,217
22891,211.113.84.232,贵州省,2025-11-24 13:25:25,qq.com,843096,ddbbacf3-b5aa-4e0f-8d92-6c73632e0189,Edge,macOS,409
22892,221.134.71.135,宁夏回族自治区,2025-01-31 05:22:44,jd.com,975416,c2664a8f-5bad-41f6-b1f5-fd5b3fb9ff3f,Safari,win,221
22893,7.18.70.117,上海市,2025-12-08 16:28:33,xiaohongshu.com,216132,9b6a4ce7-0472-4ecf-90d4-aa19ff6cb3a6,Chrome,ios,590
22894,67.38.199.69,江苏省,2025-03-22 17:07:28,weibo.com,268182,f5cca945-b1ee-4ba2-a17e-2240ff3de9f9,Firefox,win,150
22895,208.125.117.142,福建省,2025-08-23 09:18:49,jd.com,178074,0a945466-7ad1-4f6c-83ad-d3db0c2ff9bd,Firefox,安卓,38
22896,46.205.75.180,重庆市,2025-02-01 00:47:43,bilibili.com,841110,57ec7a4d-4152-434f-a1b8-655ae07e7f5f,Firefox,macOS,500
22897,126.189.253.41,甘肃省,2025-02-20 09:22:23,jd.com,330282,c6193bc4-1241-4a82-99ac-1cd4319ee71e,Edge,安卓,354
22898,115.170.90.18,甘肃省,2025-10-27 17:16:59,qq.com,236699,116f9eb4-ea65-449d-be5a-50853726ed6d,Edge,linux,454
22899,115.139.209.139,宁夏回族自治区,2025-05-09 09:15:08,bilibili.com,204667,e52b2d1b-c8ab-47a6-9c09-b3f71d6ebac6,Chrome,macOS,580
22900,54.182.75.77,广东省,2025-08-22 02:11:38,bilibili.com,378471,74bb9b58-a168-4b77-887d-66c3350f257b,Edge,macOS,193
22901,155.102.33.136,湖北省,2025-02-18 06:10:49,github.com,865149,124d4c4b-cf7d-4d8d-a141-501c70eb8522,Chrome,安卓,334
22902,178.65.149.33,陕西省,2025-01-31 04:03:31,bilibili.com,289497,dad673d4-2a34-4838-962a-5d770bcbf391,Safari,linux,480
22903,25.206.103.244,河北省,2025-08-28 23:52:51,bilibili.com,253290,a17e77fb-6b22-499f-a161-6c25082382e3,Chrome,macOS,361
22904,220.57.204.203,江苏省,2025-10-25 17:39:00,taobao.com,612188,6a726987-9b55-4df7-bdb4-b9db4a46b370,Chrome,linux,261
22905,60.197.88.19,湖北省,2025-12-23 01:05:15,xiaohongshu.com,495763,76000126-2e99-43e6-a7ab-909944b64b5c,Firefox,linux,368
22906,218.20.183.73,浙江省,2025-08-06 10:40:44,qq.com,340642,9ac0f33c-aab4-4e92-9298-f73c868f7ec8,Firefox,win,431
22907,51.80.178.84,吉林省,2025-05-30 03:50:51,baidu.com,575110,b0179122-b3d8-4a36-a500-9a9fe5f16b51,Edge,ios,24
22908,181.136.24.58,山西省,2025-11-15 20:24:55,jd.com,835815,d27c8949-ebd6-4e59-8904-d461d6197fa4,Edge,安卓,509
22909,97.51.69.32,宁夏回族自治区,2025-12-29 14:51:47,baidu.com,201877,e07588b3-d345-4518-980a-b4717244715f,Chrome,win,238
22910,6.120.104.154,江西省,2025-02-02 11:23:16,jd.com,374071,6ef52eb2-b17d-468d-a630-0719949638ed,Safari,macOS,133
22911,130.233.121.37,辽宁省,2025-01-02 05:29:03,github.com,886515,6e3d18a8-434d-4dc1-98ab-1a7a4990aefb,Chrome,win,538
22912,79.233.14.50,海南省,2025-07-09 12:56:10,weibo.com,567832,3d43f293-5a7b-4051-b495-8718308b7a90,Chrome,linux,113
22913,24.149.130.91,上海市,2025-04-13 11:07:34,bilibili.com,319745,55c849de-8952-49b4-a0b9-9ead164d553f,Safari,linux,373
22914,223.128.26.39,西藏自治区,2025-08-17 08:23:25,github.com,325710,61f033e3-ccab-4411-b703-e4e1571c4507,Firefox,ios,186
22915,150.40.39.161,海南省,2025-05-03 14:22:24,douyin.com,910198,4b8f9218-9f0a-44b1-8228-1666ed6f5a16,Safari,macOS,363
22916,46.17.199.14,香港特别行政区,2025-02-18 15:02:19,github.com,206871,30d9b1ea-e38e-4800-a6d9-9d899b81e715,Chrome,linux,229
22917,49.136.193.27,甘肃省,2025-07-14 10:23:56,qq.com,308841,395418fd-b9fe-477b-afc0-6250c36c8cf8,Firefox,ios,37
22918,35.69.177.127,云南省,2025-01-16 20:15:11,baidu.com,480074,a00db5c4-441a-431d-99ff-821efda15142,Chrome,macOS,427
22919,148.254.13.147,云南省,2025-04-25 00:57:28,xiaohongshu.com,756918,aca451c0-f5d8-4970-b967-5aae7eac8a6c,Chrome,win,223
22920,157.180.51.76,香港特别行政区,2025-07-21 18:38:26,jd.com,825428,a0bcc0f7-ece7-40b8-af12-3a70572b5358,Safari,macOS,381
22921,179.15.52.156,甘肃省,2025-04-09 04:21:46,taobao.com,501401,4342d234-e5ef-4158-bf5e-b62d41a7208b,Firefox,win,588
22922,161.234.36.117,天津市,2025-08-04 18:58:38,weibo.com,920699,3d1fee65-fff2-4d43-8398-fb99fc31fc1d,Safari,win,577
22923,64.187.18.215,青海省,2025-04-03 17:04:11,qq.com,580695,6293a09e-ac23-4d89-98b2-277a3c0d8f0b,Edge,macOS,23
22924,117.54.80.133,江苏省,2025-02-04 03:55:29,jd.com,590225,f1ea7554-94f7-48c1-afea-bb3351bc743a,Chrome,win,12
22925,110.99.190.73,江西省,2025-06-23 03:40:35,douyin.com,557841,e04b0e1c-1687-4656-8bab-ae619e100a1a,Edge,macOS,252
22926,9.227.188.136,澳门特别行政区,2025-04-12 18:26:59,github.com,774430,ce47e4f8-d09d-4336-ac06-eacffebf737f,Edge,macOS,498
22927,91.221.49.208,江西省,2025-06-07 20:42:02,github.com,121682,44b06da3-b925-448b-94b6-89c15ba7bfaf,Edge,ios,563
22928,65.136.1.41,江西省,2025-06-09 08:35:07,aliyun.com,999532,ed709d39-920c-4cca-86ec-23dc28a30066,Safari,linux,286
22929,128.186.68.86,天津市,2025-01-08 04:33:28,baidu.com,662646,3e74d122-8dd3-4747-ba3f-3df84ee98180,Chrome,linux,104
22930,192.209.95.145,台湾省,2025-03-29 20:02:47,xiaohongshu.com,195774,6f36e496-eef5-49ef-9fef-ec4fb66d9752,Firefox,win,403
22931,141.122.236.105,河南省,2025-07-01 02:46:10,qq.com,413805,629ae72f-6e7c-465a-89df-89912bd92d7b,Edge,安卓,232
22932,93.183.250.231,山东省,2025-08-10 01:24:55,qq.com,933999,b2e106fc-52cf-4734-9429-4fb0f180a669,Firefox,macOS,234
22933,207.157.202.211,湖南省,2025-05-29 14:11:47,xiaohongshu.com,394598,3783717f-cdbd-441f-9e58-6e7c753b4235,Edge,win,471
22934,3.150.49.23,浙江省,2025-03-28 19:09:08,qq.com,737736,88701d46-64cf-413e-bc59-e9dc1e0a5389,Safari,macOS,444
22935,58.193.21.97,上海市,2025-03-29 18:06:08,aliyun.com,560175,18d7f2f5-421b-439e-acee-66b0dde9e56f,Firefox,安卓,239
22936,33.193.252.172,新疆维吾尔自治区,2025-08-20 02:11:48,baidu.com,995357,7e83c445-084c-4dab-9470-c952ae8991d8,Edge,linux,595
22937,82.194.133.14,广东省,2025-09-14 11:04:30,baidu.com,272448,bb64ec24-2939-46f8-b181-f31f7bf9609f,Firefox,ios,537
22938,53.181.219.190,重庆市,2025-10-22 09:05:40,qq.com,736715,fb18c435-c4a6-4856-8e4e-efdf021298e8,Firefox,win,505
22939,112.212.106.224,上海市,2025-12-12 22:28:34,weibo.com,923273,b7874a3f-b8a4-41dd-9bed-1cfcf8740b3c,Chrome,安卓,323
22940,184.200.232.7,河北省,2025-06-08 09:15:53,taobao.com,438392,fc6fed03-cb90-471b-b61e-40825ea4c29f,Safari,linux,190
22941,167.240.16.142,北京市,2025-09-08 18:04:12,jd.com,151588,cf31cfc2-5348-4471-9814-ff8db3e87fb3,Safari,linux,214
22942,112.147.190.194,广西壮族自治区,2025-10-22 23:44:29,taobao.com,394164,a6f90ebb-67f7-42d7-8a87-e3413eee12f7,Edge,macOS,53
22943,103.30.88.186,山东省,2025-05-26 20:19:16,qq.com,334352,8bc95cee-b416-4988-80c8-2e7500bc6262,Chrome,安卓,397
22944,144.202.224.196,河北省,2025-01-05 02:08:56,qq.com,358250,5cc5794f-189b-460e-b5e3-443d9eea6c87,Firefox,macOS,403
22945,193.160.5.122,澳门特别行政区,2025-11-12 18:02:31,aliyun.com,935650,fdc8f42e-fcb1-4548-ab91-3b9106986f4d,Safari,安卓,447
22946,164.98.47.247,西藏自治区,2025-01-19 00:35:41,github.com,963656,300d0d9d-6aa3-458d-ad81-2b313049919a,Safari,ios,341
22947,210.190.30.142,天津市,2025-08-07 05:26:04,baidu.com,349817,5474b08a-47ed-42ad-a003-3f788244543c,Chrome,macOS,485
22948,76.120.197.53,重庆市,2025-07-18 21:49:03,weibo.com,292252,24636450-160c-4f02-9052-06c22976e866,Chrome,安卓,598
22949,71.210.230.115,宁夏回族自治区,2025-10-19 04:20:55,bilibili.com,626176,20d4f874-a31d-4b40-a5ac-17ccaa1543d8,Chrome,ios,159
22950,203.69.65.195,广西壮族自治区,2025-11-30 20:23:15,taobao.com,790117,2c6756b8-650b-4d9f-a0ff-bc4b8cb6fcf8,Firefox,ios,574
22951,57.204.116.52,山东省,2025-11-19 17:04:26,aliyun.com,340375,eedde541-a937-4062-acad-6a15d47d7050,Firefox,win,552
22952,102.131.232.240,浙江省,2025-07-24 21:19:11,baidu.com,416093,6ba1cb81-c609-47bf-977c-78e1d261e8c8,Chrome,linux,596
22953,107.24.22.67,山东省,2025-01-04 18:29:51,github.com,605628,a9142590-1b90-4bef-9e58-a9d97146404f,Chrome,win,34
22954,18.232.174.244,四川省,2025-11-20 01:15:36,jd.com,275390,8fba5147-0a87-433a-97ee-b26ee9aae4e4,Firefox,macOS,472
22955,34.51.9.163,湖南省,2025-06-29 20:36:27,xiaohongshu.com,350371,62945aa9-ae88-47af-ba6e-ff335411a314,Firefox,win,455
22956,92.141.252.136,江苏省,2025-03-18 12:37:23,weibo.com,330428,22c2fec0-239e-4779-b15a-b432c5281428,Chrome,安卓,299
22957,184.123.38.129,广西壮族自治区,2025-02-26 04:06:15,douyin.com,473935,b802666e-49b1-4546-ad7f-e1bc4be226cd,Safari,macOS,556
22958,49.239.61.238,海南省,2025-09-13 13:37:53,bilibili.com,882634,a6370f7d-4d90-4040-b179-7d8c21f70804,Edge,ios,169
22959,169.61.22.117,江苏省,2025-05-30 02:34:19,aliyun.com,990839,41f40db1-7608-4a32-96bd-fe383114607e,Edge,linux,233
22960,18.34.182.71,湖南省,2025-12-28 19:45:14,taobao.com,860297,9d97952f-0b98-4728-a743-a42ad9f17dc6,Firefox,win,102
22961,37.233.78.116,浙江省,2025-04-15 08:10:09,bilibili.com,822016,88d8094f-33fc-46b5-b59d-f9d05a17a6c3,Chrome,linux,486
22962,83.98.151.174,甘肃省,2025-12-26 01:50:14,bilibili.com,966408,38f1c63a-bad9-4806-9dc2-53ac42267550,Chrome,macOS,71
22963,43.118.209.30,上海市,2025-09-26 00:36:12,douyin.com,319529,84f9db24-bf2e-4b3e-822a-8205df7641b6,Chrome,win,213
22964,42.55.0.219,广东省,2025-09-12 18:11:07,xiaohongshu.com,357091,ef1e4c23-fb56-43ca-899b-cb0d4b442a7c,Edge,安卓,474
22965,170.12.24.190,台湾省,2025-09-11 14:17:40,jd.com,950665,46b9713b-eff2-4493-bcf2-f5cf5887bb3d,Edge,安卓,157
22966,90.20.33.169,海南省,2025-01-04 15:01:50,jd.com,610268,8cfd9a66-a997-49cf-84c4-2e1c148042c0,Safari,linux,411
22967,223.72.80.211,青海省,2025-06-20 03:15:58,xiaohongshu.com,647399,98a902a1-07de-44a7-9e5b-ac14dbcb195b,Edge,linux,295
22968,87.29.8.93,黑龙江省,2025-10-13 05:05:37,baidu.com,824948,26d8de38-6f8a-4947-9743-798630f8af15,Edge,linux,240
22969,63.135.242.170,河北省,2025-05-06 07:19:41,qq.com,931311,d4efe407-8557-4c9f-9b84-27e6b2048f2e,Firefox,macOS,172
22970,69.48.91.242,安徽省,2025-08-19 14:01:28,xiaohongshu.com,656776,ab9db0fe-8033-4408-8f88-4f24f682bb25,Chrome,macOS,182
22971,33.204.242.51,江西省,2025-09-30 09:11:51,aliyun.com,660368,c2ecddc6-40ef-4ff4-8aa6-e97089f1385f,Edge,macOS,185
22972,97.157.10.185,河南省,2025-11-04 18:01:35,aliyun.com,853796,7426dcae-5b02-4386-9d2b-714722a188cf,Safari,ios,505
22973,202.123.247.41,四川省,2025-08-03 13:17:52,github.com,899244,436c1e3b-6cfa-4a14-8481-740d683b0f7e,Firefox,win,550
22974,186.201.81.80,重庆市,2025-02-03 02:17:54,taobao.com,126980,ff2a0046-0af3-4db6-8dd4-72a5ab511cf5,Firefox,macOS,317
22975,198.179.92.76,天津市,2025-10-15 22:42:46,jd.com,260481,2c251039-44e5-47d0-96a1-46c95015ee48,Chrome,linux,42
22976,176.156.149.77,湖南省,2025-12-15 21:11:02,baidu.com,697953,fa2804bf-6945-4316-9150-57b222f5603e,Edge,linux,279
22977,28.101.221.147,陕西省,2025-02-17 04:02:31,qq.com,587148,39fcd841-7c18-4df3-b339-4dbb9aad62f5,Chrome,macOS,413
22978,169.136.178.184,四川省,2025-06-05 20:47:20,aliyun.com,738634,3b3b3ab9-f540-4d37-be88-204ee861b337,Safari,linux,583
22979,42.50.189.81,吉林省,2025-01-21 01:13:08,weibo.com,943340,115e11bf-1bd3-45f9-86d6-a4d3261b6862,Safari,linux,321
22980,63.116.146.170,广东省,2025-01-21 08:49:45,baidu.com,107018,3ef5ed85-aeaf-4656-a9cf-ed5d25cd2934,Safari,macOS,241
22981,149.53.243.219,江西省,2025-06-21 22:56:46,xiaohongshu.com,900717,133fce47-ee71-4f3b-bf26-621de2f38767,Edge,win,163
22982,16.46.208.49,贵州省,2025-09-12 09:37:15,bilibili.com,775308,1687a314-cdf1-45e9-943c-8cb745412827,Firefox,macOS,299
22983,149.244.121.220,澳门特别行政区,2025-06-23 03:20:08,taobao.com,730553,ad9f1666-3227-4126-9041-a93e5d321c98,Edge,macOS,193
22984,57.156.121.200,江苏省,2025-11-14 22:37:19,bilibili.com,329735,4918fb4b-858e-48fb-b6c6-21234c9ecbb7,Safari,安卓,63
22985,64.91.206.131,西藏自治区,2025-09-29 11:04:51,qq.com,780507,3fcd4b15-47a1-462b-9bc8-16169728e40e,Firefox,win,524
22986,91.103.222.92,安徽省,2025-03-13 07:05:11,xiaohongshu.com,831777,c91a0d5e-e399-4f6f-8532-c435553c4ed0,Chrome,安卓,157
22987,150.169.231.245,江苏省,2025-03-02 06:04:04,qq.com,628136,d8393757-793a-4d04-b193-7ffe95453477,Edge,ios,417
22988,64.34.18.254,黑龙江省,2025-12-19 10:29:56,douyin.com,290795,0e80ebc7-d024-42a3-b0cb-1c16218f922d,Firefox,win,259
22989,87.212.237.210,河南省,2025-07-13 06:11:32,github.com,712189,557d36e6-5f54-47ff-9ae7-dace4d27c035,Firefox,linux,211
22990,216.159.12.104,宁夏回族自治区,2025-07-14 15:55:24,weibo.com,740349,15a5fde4-afc9-4d0f-9896-0bba664e76d5,Safari,win,486
22991,152.206.241.69,重庆市,2025-05-21 21:14:26,aliyun.com,916067,a00aa3fb-d0a1-49da-835c-2fe6b60be54e,Safari,安卓,368
22992,216.7.63.167,重庆市,2025-04-01 04:41:52,jd.com,118596,a3d744ba-3600-4b65-a7c6-1fe47bea7672,Safari,macOS,261
22993,95.31.176.95,上海市,2025-03-21 01:39:44,xiaohongshu.com,906522,90783e9c-72de-400b-8817-5abe88c040b3,Firefox,win,338
22994,166.116.110.28,湖南省,2025-05-10 05:08:41,qq.com,656968,74091e49-ecc6-4956-a307-1a62c49cbfad,Edge,win,468
22995,174.210.176.211,台湾省,2025-07-11 16:37:14,taobao.com,375156,a831301d-3860-4e31-94c7-dec8b13139e2,Chrome,安卓,49
22996,28.117.89.233,天津市,2025-01-11 02:42:09,jd.com,190624,38f3c9a1-c8f1-4626-bd0c-cbf417793fad,Firefox,ios,109
22997,170.1.0.157,贵州省,2025-01-21 02:46:01,github.com,996333,4e91f5f2-c37d-4180-9d77-a496e5111a2c,Edge,ios,434
22998,96.144.181.193,天津市,2025-05-25 13:59:43,bilibili.com,418211,a95ae517-6b0d-42b3-bf0b-cc401eb57f40,Firefox,ios,137
22999,138.187.249.13,西藏自治区,2025-08-05 08:13:18,qq.com,567167,0113d984-f0ec-476b-975b-27a61c3f1396,Safari,安卓,323
23000,145.173.96.89,辽宁省,2025-02-17 17:29:41,aliyun.com,471825,a711ac51-32b2-4ead-8e79-acd4754f0a58,Safari,安卓,320
